-1.4642112920826518
-1.460694073321422
-1.4571157478643206
-1.4535671850322665
-1.449994054281274
-1.4464417631903737
-1.4427526057823306
-1.4391017168166178
-1.4353978157530485
-1.4316989062021281
-1.4280297094746024
-1.4243059243591956
-1.4205365812196646
-1.4167339636508105
-1.4129117696528781
-1.409047280133738
-1.4051658154439899
-1.4012126907656834
-1.3972765014949822
-1.3933067153393104
-1.389251641000869
-1.3852338888244065
-1.3812068416866723
-1.377119781015351
-1.373025254841757
-1.3688290748590852
-1.3646821757172454
-1.3604373970456043
-1.3562343967590063
-1.3520188051558317
-1.3476589722791745
-1.343402929583003
-1.3391226236465934
-1.334783509058124
-1.330419787564921
-1.3261294526691834
-1.3213821191806137
-1.3172012111507005
-1.312580502699983
-1.308308709630624
-1.3036051282382501
-1.2991113618938632
-1.2943213589278963
-1.2894996055935077
-1.2847389229896269
-1.2798573964469253
-1.2751553805820648
-1.2704208437931674
-1.26542038449402
-1.2606024103328013
-1.2558857002919097
-1.250932626602738
-1.2462412492920132
-1.2411242103281113
-1.2362715647495848
-1.2310607586983546
-1.225964536415444
-1.2209406921781634
-1.2162160529154677
-1.2103508497084068
-1.205249311346589
-1.1990786570949115
-1.194340216457015
-1.1888309832695345
-1.1836035899196191
-1.1786249801167636
-1.1733235434821492
-1.1677991656006197
-1.1624182739212556
-1.1570014651359237
-1.1515617480135507
-1.1456762106857203
-1.1405450726243547
-1.1349774673115105
-1.1293659855680382
-1.123080385914783
-1.1638407601217955
-1.158705784331936
-1.1537733227772904
-1.1488381271960177
-1.1440066133920077
-1.1391198409379657
-1.1340277248858044
-1.1293890399800055
-1.1237841198118577
-1.1184720362966483
-1.113810668961614
-1.108812879880802
-1.1038172332094365
-1.0985769545787758
-1.0936995460165366
-1.088569309991463
-1.0827472596284597
-1.077650283138387
-1.0722249513476134
-1.0666313185906027
-1.0612789547216905
-1.05567628343388
-1.0500658507296008
-1.0446692250513288
-1.038944305085994
-1.0335971564164899
-1.027801971698991
-1.0221158418885241
-1.0166728264802776
-1.0106191003023528
-1.0047205306499087
-0.9994376629126812
-0.9930161610878093
-0.9873072591199048
-0.9814753888253014
-0.9756727651309393
-0.9697884697252896
-0.9638469722554424
-0.9582338185374515
-0.9520823357093027
-0.9460787861931547
-0.9395390325138647
-0.9335669368572609
-0.9265390523253908
-0.9207386554571404
-0.9147583265462236
-0.9070084610693329
-0.9008453086337158
-0.8942388387160303
-0.8875929129465907
-0.8815713825473734
-0.8748374197782885
-0.8684536805765826
-0.8615816206885523
-0.8555146345521156
-0.8492166442242052
-0.842395306882211
-0.835608740494559
-0.8290462270353435
-0.821802985333443
-0.8152122127690805
-0.8078703985535732
-0.8013981890243405
-0.7944493611296183
-0.7874256175658529
-0.7798652354520672
-0.7725119957435652
-0.7653393289604643
-0.7580895539383227
-0.7510631437873736
-0.743497160472022
-0.736365556573406
-0.7287202716898591
-0.7211785422286123
-0.7139802949515562
-0.7063499838082081
-0.6989937874937778
-0.6910198305110886
-0.6837601147305314
-0.6757889234584352
-0.6676720420450244
-0.6605069596142371
-0.6527162597495356
-0.6444630207875001
-0.63655182960393
-0.6286537558744373
-0.6211349386463292
-0.6130035759169791
-0.6053339531296
-0.5965856717801171
-0.5886971491948987
-0.5794442631787236
-0.5709479355633047
-0.5631650864950397
-0.5549595024699617
-0.5456738734320271
-0.5381446106933269
-0.5284889492706849
-0.5203339399533776
-0.5116507983731063
-0.5034392171443396
-0.4955671289200773
-0.4870745293173049
-0.47726045634293796
-0.4691308171475437
-0.4617291762600165
-0.45276482505397825
-0.44400719143766454
-0.43254386127239264
-0.42300518201706455
-0.41456185858463057
-0.4062041236889092
-0.3967106178373151
-0.3875904096606901
-0.37810069306842825
-0.36859457395407025
-0.35996364146327486
-0.3508389155579739
-0.3413695527837879
-0.3313060013285558
-0.32246861598566046
-0.31430951557134207
-0.3027837953441382
-0.29340383983815266
-0.2831390161325161
-0.2732529032816247
-0.2625413543599285
-0.25167359908203435
-0.2400533351007189
-0.23181890038176842
-0.2232765774466884
-0.20964984583405902
-0.1988738972357353
-0.1908645578316609
-0.18008447009074702
-0.17119386580005747
-0.16121573347748355
-0.15180364112837877
-0.14240851280608868
-0.12826957986913354
-0.11783153652393996
-0.10755966140997837
-0.0960489511541483
-0.08437932234030018
-0.07480329620529542
-0.06407252604204779
-0.05273010964499714
-0.04076099288467133
-0.03203837413814962
-0.019475459381981506
-0.008867140694561584
0.002313276273765885
0.013219094668997997
0.02482588050553228
0.0368835231571292
0.049931312006958495
0.05910002033996277
0.07441730055177327
0.08633372237205854
0.0977672756954234
0.109316242189746
0.12174666901884186
0.13214063023657283
0.14462535469573387
0.1548974956279511
0.1669664166006276
0.17765250848885758
0.18931163531823725
0.1991202404226565
0.2155129986282018
0.2294534158499647
0.24107082121339088
0.2544244658555033
0.26521668324338254
0.27888364146659855
0.29211000372499424
0.3059301506596261
0.317047715709299
0.3279784757111057
0.3408009547684937
0.35327791530012265
0.36610790134945537
0.3772716244026842
0.3916303714294063
0.4032894458110686
0.41413603398938725
0.4311310392953446
0.44604795651977097
0.4605305101809012
0.47188866495237536
0.4850503229057171
0.4986374436777387
0.510211693231846
0.5231816822744763
0.5370643672030195
0.549572954649339
0.5636557982330698
0.5788915429999416
0.5968072604038113
0.6092262786472129
0.6227392828302387
0.6405181375147466
0.6554977224082792
0.6633211132793374
0.6755639996630355
0.6969324913381147
0.710722629046496
0.7248721311256267
0.7402927631688491
0.7498187321922486
0.7661643037333442
0.7843811798275886
0.7996829209947361
0.8132124520013116
0.8306256569553906
0.8415733776313424
0.8579581644583139
0.8730942533185894
0.8901365211836901
0.9023086111996006
0.9184787421261084
0.9319436679472174
0.9495771592754979
0.9652835851343001
0.9780886554173231
1.007296688060698
1.0192372937588738
1.0329161098650257
1.045077186627432
1.0569620883695992
1.0771164783253109
1.094346711951412
1.122580488131034
1.1343595971962397
1.1535433757919216
1.169347824345363
1.1815102095351078
1.198055749046695
1.2132244524812268
1.2301928024154771
1.248913283792275
1.2613277601819584
1.2806796159076752
1.305093163295774
1.3147102787027454
1.3346131863685409
1.3479145236472194
1.3708938220124487
1.3847793369105188
1.4123096432512574
1.4215501260621752
1.4412366241371932
1.4585613520211593
1.4729452279894584
1.5064776692048794
1.5195755514356122
1.537958392147173
1.5529087931933256
1.5735661354183381
1.593467053499774
1.6019119775302584
1.6219255411592992
1.6529594390215394
1.6793953923897291
1.6910243435984986
1.7075469871558868
1.7267371797922069
1.7381283055774204
1.759082991222385
1.7883794529397836
1.807478859807993
1.8185139798412013
1.8337272145700292
1.8606033544128262
1.892118158341161
1.905658439189182
1.9294945112860094
1.9442330801713785
1.9523011785985311
1.979542638221209
2.0036578945186228
2.032047476702717
2.050894920730181
2.0731994518764822
2.0841102633725455
2.1072563647532796
2.12215905071986
2.1256839462155055
2.1643982443930287
2.1676306706765027
2.208207691206983
2.2111252356906164
2.222655573889449
2.26168554819013
2.2771175045536647
2.295462376985752
2.309273198741851
2.3173782374177216
2.3643159600205794
2.374587766531157
2.414668737744586
2.4159339568897944
2.4172049984548325
2.4408767937402165
2.4864839957497886
2.4967073410959233
2.530864020319664
2.5553660431303173
2.5775106704747075
2.5889915316956578
2.6053572906934344
2.6294917940439104
2.6287183289622256
2.6689025790484546
2.7109779389181115
2.7381789307004083
2.740331113042479
2.7607976707781012
2.769440153343414
2.7885369333048633
2.785940755234963
2.8055393766518235
2.815749889191659
2.8527287511769774
2.8690216192239038
2.876457949819866
2.8859676025686025
2.9084384219950308
2.9386072799690393
2.957312996690316
2.978825738534936
3.000018555835464
3.005743750875221
3.0179420207701466
3.037481430032731
3.053614178125537
3.061332106356009
3.067618478647616
3.09122729088342
3.1140166335968944
3.105159956539016
3.159657269459371
3.165184718276555
3.179281303190123
3.2029156339485096
3.205711481791498
3.233959862798458
3.2454763910107003
3.274835017287307
3.2741227331264326
3.2806625972637917
3.2814323314614633
3.2678181363261896
3.271453221356496
3.297555535208611
3.3499603708182137
3.3449842317509906
3.3424207422043595
3.3543275601943248
3.3458271417785888
3.337345421235278
3.319149637968172
3.332576542196404
3.3413771942018284
3.3276534773034365
3.3277007709998343
3.328600937461868
3.3166068058063303
3.3043463891896776
0.0
0.0
0.0
0.0
0.0
0.0
0.0
0.0
0.0
0.0
0.0
0.0
0.0
0.0
0.0
0.0
0.0
0.0
0.0
0.0
0.0
0.0
0.0
0.0
0.0
0.0
0.0
0.0
0.0
0.0
0.0
0.0
0.0
0.0
0.0
0.0
0.0
0.0
0.0
0.0
0.0
0.0
0.0
0.0
0.0
0.0
0.0
0.0
0.0
0.0
0.0
0.0
0.0
0.0
0.0
0.0
0.0
0.0
0.0
0.0
0.0
0.0
0.0
0.0
0.0
0.0
0.0
0.0
0.0
0.0
0.0
0.0
0.0
0.0
0.0
0.0
0.0
0.0
0.0
0.0
0.0
0.0
0.0
0.0
0.0
0.0
0.0
0.0
0.0
0.0
0.0
0.0
0.0
0.0
0.0
0.0
0.0
0.0
0.0
0.0
0.0
0.0
0.0
0.0
0.0
0.0
0.0
0.0
0.0
0.0
0.0
0.0
0.0
0.0
0.0
0.0
0.0
0.0
0.0
0.0
0.0
0.0
0.0
0.0
0.0
0.0
0.0
0.0
0.0
0.0
0.0
0.0
0.0
0.0
0.0
0.0
0.0
0.0
0.0
0.0
0.0
0.0
0.0
0.0
0.0
0.0
0.0
0.0
0.0
0.0
0.0
0.0
0.0
0.0
0.0
0.0
0.0
0.0
0.0
0.0
0.0
0.0
0.0
0.0
0.0
0.0
0.0
0.0
0.0
0.0
0.0
0.0
0.0
0.0
0.0
0.0
0.0
0.0
0.0
0.0
0.0
0.0
0.0
0.0
0.0
0.0
0.0
0.0
0.0
0.0
0.0
0.0
0.0
0.0
0.0
0.0
0.0
0.0
0.0
0.0
0.0
0.0
0.0
0.0
0.0
0.0
0.0
0.0
0.0
0.0
0.0
0.0
0.0
0.0
0.0
0.0
0.0
0.0
0.0
0.0
0.0
0.0
0.0
0.0
0.0
0.0
0.0
0.0
0.0
0.0
0.0
0.0
0.0
0.0
0.0
0.0
0.0
0.0
0.0
0.0
0.0
0.0
0.0
0.0
0.0
0.0
0.0
0.0
0.0
0.0
0.0
0.0
0.0
0.0
0.0
0.0
0.0
0.0
0.0
0.0
0.0
0.0
0.0
0.0
0.0
0.0
0.0
0.0
0.0
0.0
0.0
0.0
0.0
0.0
0.0
0.0
0.0
0.0
0.0
0.0
0.0
0.0
0.0
0.0
0.0
0.0
0.0
0.0
0.0
0.0
0.0
0.0
0.0
0.0
0.0
0.0
0.0
0.0
0.0
0.0
0.0
0.0
0.0
0.0
0.0
0.0
0.0
0.0
0.0
0.0
0.0
0.0
0.0
0.0
0.0
0.0
0.0
0.0
0.0
0.0
0.0
0.0
0.0
0.0
0.0
0.0
0.0
0.0
0.0
0.0
0.0
0.0
0.0
0.0
0.0
0.0
0.0
0.0
0.0
0.0
0.0
0.0
0.0
0.0
0.0
0.0
0.0
0.0
0.0
0.0
0.0
0.0
0.0
0.0
0.0
0.0
0.0
0.0
0.0
0.0
0.0
0.0
0.0
0.0
0.0
0.0
0.0
0.0
0.0
0.0
0.0
0.0
0.0
0.0
0.0
0.0
0.0
0.0
0.0
0.0
0.0
0.0
0.0
0.0
0.0
0.0
0.0
0.0
0.0
0.0
0.0
0.0
0.0
0.0
0.0
0.0
0.0
0.0
0.0
0.0
0.0
0.0
0.0
0.0
0.0
0.0
0.0
0.0
0.0
0.0
0.0
0.0
0.0
0.0
0.0
0.0
0.0
0.0
0.0
0.0
0.0
0.0
0.0
0.0
0.0
0.0
0.0
0.0
0.0
0.0
0.0
0.0
0.0
0.0
0.0
0.0
0.0
0.0
0.0
0.0
0.0
0.0
0.0
0.0
0.0
0.0
0.0
0.0
0.0
0.0
0.0
0.0
0.0
0.0
0.0
0.0
0.0
0.0
0.0
0.0
0.0
0.0
0.0
0.0
0.0
0.0
0.0
0.0
0.0
0.0
0.0
0.0
0.0
0.0
0.0
0.0
0.0
0.0
0.0
0.0
0.0
0.0
0.0
0.0
0.0
0.0
0.0
0.0
0.0
0.0
0.0
0.0
0.0
0.0
0.0
0.0
0.0
0.0
0.0
0.0
0.0
0.0
0.0
0.0
0.0
0.0
0.0
0.0
0.0
0.0
0.0
0.0
0.0
0.0
0.0
0.0
0.0
0.0
0.0
0.0
0.0
0.0
0.0
0.0
0.0
0.0
0.0
0.0
0.0
0.0
0.0
0.0
0.0
0.0
0.0
0.0
0.0
0.0
0.0
0.0
0.0
0.0
0.0
0.0
0.0
0.0
0.0
0.0
0.0
0.0
0.0
0.0
0.0
0.0
0.0
0.0
0.0
0.0
0.0
0.0
0.0
0.0
0.0
0.0
0.0
0.0
0.0
0.0
0.0
0.0
0.0
0.0
0.0
0.0
0.0
0.0
0.0
0.0
0.0
0.0
0.0
0.0
0.0
0.0
0.0
0.0
0.0
0.0
0.0
0.0
0.0
0.0
0.0
0.0
0.0
0.0
0.0
0.0
0.0
0.0
0.0
0.0
0.0
0.0
0.0
0.0
0.0
0.0
0.0
0.0
0.0
0.0
0.0
0.0
0.0
0.0
0.0
0.0
0.0
0.0
0.0
0.0
0.0
0.0
0.0
0.0
0.0
0.0
0.0
0.0
0.0
0.0
0.0
0.0
0.0
0.0
0.0
0.0
0.0
0.0
0.0
0.0
0.0
0.0
0.0
0.0
0.0
0.0
0.0
0.0
0.0
0.0
0.0
0.0
0.0
0.0
0.0
0.0
0.0
0.0
0.0
0.0
0.0
0.0
0.0
0.0
0.0
0.0
0.0
0.0
0.0
0.0
0.0
0.0
0.0
0.0
0.0
0.0
0.0
0.0
0.0
0.0
0.0
0.0
0.0
0.0
0.0
0.0
0.0
0.0
0.0
0.0
0.0
0.0
0.0
0.0
0.0
0.0
0.0
0.0
0.0
0.0
0.0
0.0
0.0
0.0
0.0
0.0
0.0
0.0
0.0
0.0
0.0
0.0
0.0
0.0
0.0
0.0
0.0
0.0
0.0
0.0
0.0
0.0
0.0
0.0
0.0
0.0
0.0
0.0
0.0
0.0
0.0
0.0
0.0
0.0
0.0
0.0
0.0
0.0
0.0
0.0
0.0
0.0
0.0
0.0
0.0
0.0
0.0
0.0
0.0
0.0
0.0
0.0
0.0
0.0
0.0
0.0
0.0
0.0
0.0
0.0
0.0
0.0
0.0
0.0
0.0
0.0
0.0
0.0
0.0
0.0
0.0
0.0
0.0
0.0
0.0
0.0
0.0
0.0
0.0
0.0
0.0
0.0
0.0
0.0
0.0
0.0
0.0
0.0
0.0
0.0
0.0
0.0
0.0
0.0
0.0
0.0
0.0
0.0
0.0
0.0
0.0
0.0
0.0
0.0
0.0
0.0
0.0
0.0
0.0
0.0
0.0
0.0
0.0
0.0
0.0
0.0
0.0
0.0
0.0
0.0
0.0
0.0
0.0
0.0
0.0
0.0
0.0
0.0
0.0
0.0
0.0
0.0
0.0
0.0
0.0
0.0
0.0
0.0
0.0
0.0
0.0
0.0
0.0
0.0
0.0
0.0
0.0
0.0
0.0
0.0
0.0
0.0
0.0
0.0
0.0
0.0
0.0
0.0
0.0
0.0
0.0
0.0
0.0
0.0
0.0
0.0
0.0
0.0
0.0
0.0
0.0
0.0
0.0
0.0
0.0
0.0
0.0
0.0
0.0
0.0
0.0
0.0
0.0
0.0
0.0
0.0
0.0
0.0
0.0
0.0
0.0
0.0
0.0
0.0
0.0
0.0
0.0
0.0
0.0
0.0
0.0
0.0
0.0
0.0
0.0
0.0
0.0
0.0
0.0
0.0
0.0
0.0
0.0
0.0
0.0
0.0
0.0
0.0
0.0
0.0
0.0
0.0
0.0
0.0
0.0
0.0
0.0
0.0
0.0
0.0
0.0
0.0
0.0
0.0
0.0
0.0
0.0
0.0
0.0
0.0
0.0
0.0
0.0
0.0
0.0
0.0
0.0
0.0
0.0
0.0
0.0
0.0
0.0
0.0
0.0
0.0
0.0
0.0
0.0
0.0
0.0
0.0
0.0
0.0
0.0
0.0
0.0
0.0
0.0
0.0
0.0
0.0
0.0
0.0
0.0
0.0
0.0
0.0
0.0
0.0
0.0
0.0
0.0
0.0
0.0
0.0
0.0
0.0
0.0
0.0
0.0
0.0
0.0
0.0
0.0
0.0
0.0
0.0
0.0
0.0
0.0
0.0
0.0
0.0
0.0
0.0
0.0
0.0
0.0
0.0
0.0
0.0
0.0
0.0
0.0
0.0
0.0
0.0
0.0
0.0
0.0
0.0
0.0
0.0
0.0
0.0
0.0
0.0
0.0
0.0
0.0
0.0
0.0
0.0
0.0
0.0
0.0
0.0
0.0
0.0
0.0
0.0
0.0
0.0
0.0
0.0
0.0
0.0
0.0
0.0
0.0
0.0
0.0
0.0
0.0
0.0
0.0
0.0
0.0
0.0
0.0
0.0
0.0
0.0
0.0
0.0
0.0
0.0
0.0
0.0
0.0
0.0
0.0
0.0
0.0
0.0
0.0
0.0
0.0
0.0
0.0
0.0
0.0
0.0
0.0
0.0
0.0
0.0
0.0
0.0
0.0
0.0
0.0
0.0
0.0
0.0
0.0
0.0
0.0
0.0
0.0
0.0
0.0
0.0
0.0
0.0
0.0
0.0
0.0
0.0
0.0
0.0
0.0
0.0
0.0
0.0
0.0
0.0
