-2.2425095580542598
-2.2424273529431296
-2.2423662963951454
-2.242283771642222
-2.242204150577039
-2.2421095049179347
-2.242064140942257
-2.2419943697771685
-2.2419378920714
-2.241872402349996
-2.2417874230950594
-2.2417166598039744
-2.241656708099183
-2.2416026813082293
-2.2415482486887885
-2.2415030112760834
-2.241456135638007
-2.241431950728829
-2.2413905509648595
-2.2413550168703824
-2.2413457479200374
-2.2413116097647494
-2.24127327057196
-2.241250531207069
-2.241221552310036
-2.241224714351929
-2.2411989809547883
-2.241202570249977
-2.2411810843029296
-2.2411604450067553
-2.2411829390041835
-2.2411585394311744
-2.241135195386082
-2.241124259869883
-2.241111431304866
-2.241059826519801
-2.2411803005593205
-2.2410759040082318
-2.2411213562945025
-2.2410355491899367
-2.2410969561337426
-2.241076705109006
-2.2411521490566138
-2.2412209386069626
-2.2412652844884566
-2.24133551224271
-2.24134067436494
-2.241344031948746
-2.241434856406365
-2.2414482214340983
-2.2414258911193183
-2.2414645091974896
-2.241414919254414
-2.2414928377556134
-2.2414770198266094
-2.24157233737564
-2.241623055370045
-2.2416333918917033
-2.2415364498919934
-2.241796350005315
-2.241799655145727
-2.242152433673828
-2.242028314514971
-2.242128620152676
-2.2421406554024834
-2.2420614774433045
-2.2420794448530112
-2.242159926606243
-2.2421846082435484
-2.242211246262303
-2.242236610841714
-2.2423762550067337
-2.2422922534240346
-2.2423290540435907
-2.242370128963463
-2.2425927013818807
-2.223167752212831
-2.2230939531075298
-2.222915337447469
-2.2227326011754562
-2.2224953175755147
-2.2222721255285456
-2.2221073142475856
-2.22176428596806
-2.2218085734972637
-2.221704563377991
-2.2213504406149305
-2.2211107071318974
-2.2208684791022404
-2.2207053962337504
-2.220391374735274
-2.2201755403492953
-2.2202204162104895
-2.219978368894926
-2.2198245798845577
-2.2197280536072705
-2.219542197235125
-2.2194167561830067
-2.219304478943847
-2.2191009724523787
-2.2190033832551292
-2.21876159807081
-2.2186758603977954
-2.2185388666544346
-2.218302892882242
-2.2182733730936297
-2.2181904502000904
-2.2178847027579636
-2.2179347445506563
-2.2177463107113415
-2.2175838692107566
-2.2174091095981248
-2.217246227217635
-2.2170930535495637
-2.216830714339799
-2.2167257177205935
-2.216578295965819
-2.216570295935197
-2.2163759035337933
-2.216513665723278
-2.216256398750964
-2.2160504285974283
-2.2163676060625264
-2.216190065573644
-2.216136649087853
-2.2160736784827977
-2.2158197294126025
-2.215780911487276
-2.2156116474448777
-2.215593679508041
-2.215325250680651
-2.2151129775960032
-2.2150437690082634
-2.2149543624258765
-2.214794973463658
-2.2148087758396042
-2.2146369166922337
-2.214661785169909
-2.214434747477549
-2.2143309628987073
-2.214240042627658
-2.2142746334698598
-2.2142527309047306
-2.21416691180172
-2.2140907016169327
-2.2139494846694303
-2.2139419279284613
-2.213810184382139
-2.213795367030448
-2.2137554690203767
-2.2136134805474215
-2.2135619265223587
-2.213424771250816
-2.213449395577477
-2.213272108874555
-2.2132718878266586
-2.2132981157666376
-2.2130738883214685
-2.213013182786315
-2.213039842822988
-2.2129623446247852
-2.212888994436465
-2.212720045918142
-2.2126888321347384
-2.212517852240715
-2.212598726869378
-2.21245057434975
-2.2126444984809077
-2.2126288856055316
-2.212446290143157
-2.212347514578705
-2.212499484633308
-2.2122263506517643
-2.21242013342484
-2.212285439593422
-2.212245578783052
-2.212096181531343
-2.21185910686471
-2.211757183433215
-2.211912922959946
-2.211703077929582
-2.211328508477664
-2.211265410013519
-2.2111807218372794
-2.211613743391132
-2.2116562370716557
-2.211459994605237
-2.211239557126234
-2.2112436008143876
-2.21115558313948
-2.211138522745808
-2.211114251198662
-2.2108917457611224
-2.210778680183578
-2.2107013514496896
-2.2107521937626102
-2.210535936313811
-2.2101833617870237
-2.2104962612670396
-2.2103774141811954
-2.210420165626743
-2.2103609090363943
-2.2104543050125427
-2.2105491329876368
-2.210823376761847
-2.2104140653625413
-2.210073029950746
-2.2106369187980657
-2.2106827287561095
-2.2102100282091746
-2.21023817263301
-2.2099060174448812
-2.209765970429168
-2.209519888683278
-2.209274082532974
-2.2098381129342224
-2.2097350473701414
-2.209589073560883
-2.209661668488218
-2.209726523505965
-2.2094547748162956
-2.209351405129167
-2.209350067059128
-2.2094522761567164
-2.208977502364926
-2.20916929543273
-2.2089983205154957
-2.2089298290834374
-2.20880460762916
-2.208765122070904
-2.2087987761820647
-2.2089632273076267
-2.208498298980132
-2.209049635296357
-2.2090267564951906
-2.208910768572505
-2.208804433603262
-2.208826076244821
-2.208519554344181
-2.2085101474447613
-2.2081643266733253
-2.208101154412221
-2.2077891877666813
-2.2076288543210816
-2.20715481934973
-2.2077235501609476
-2.2078870336099197
-2.207683768429117
-2.207715027844131
-2.2073709256763956
-2.2074298054266728
-2.207454030240193
-2.2075128726074316
-2.2071821470460136
-2.206789290149987
-2.2066979944315106
-2.206543954793727
-2.206412794140731
-2.2060357617071826
-2.2061083073868613
-2.205787792866609
-2.2053236016923377
-2.2057854413845965
-2.2059429985462042
-2.2059705459934817
-2.2055594984591176
-2.2053884168937543
-2.205267349344297
-2.2048612004476276
-2.20464101681593
-2.204556859247535
-2.2042304873178105
-2.204131573607873
-2.2041537280749357
-2.20457794526661
-2.2042313562606175
-2.2040197165018207
-2.2043877494672266
-2.204346769130799
-2.2033326697785665
-2.2028908564639798
-2.203717409138106
-2.2034560796949956
-2.203260482967137
-2.203217670196033
-2.202381707356418
-2.2024473697834157
-2.202736999163439
-2.2026468312889174
-2.202322868431156
-2.2024744247784893
-2.201770886257649
-2.201774920876209
-2.2016151463339986
-2.2017006265603314
-2.201114583022866
-2.2010479323174397
-2.2006026600833355
-2.2007017021762323
-2.2005517226575564
-2.1999989419993033
-2.2015197474369965
-2.2008430401303167
-2.200399862090919
-2.1997339783565555
-2.1990273824008364
-2.199347264310893
-2.19929870416521
-2.200607088623121
-2.1998503820581647
-2.20002725899056
-2.199720315678106
-2.1989832873297948
-2.198744807519247
-2.1983389258742245
-2.198179453318155
-2.1982051872674275
-2.1974562511135574
-2.1975390705965236
-2.1982212663994614
-2.1971288421679427
-2.197236570435663
-2.196543123918137
-2.1969775656955908
-2.196331523166022
-2.197287637086956
-2.196106782682006
-2.1961231491006545
-2.1958179772230118
-2.195232011346551
-2.196773775273322
-2.1959731926683865
-2.195787613174557
-2.1951699123057846
-2.195208565890925
-2.1951508979121632
-2.19380670890759
-2.193691647133389
-2.194835921832989
-2.195451832042425
-2.19441210904414
-2.1938796386492716
-2.193665304779042
-2.19257628957643
-2.192524542594876
-2.1933601353968517
-2.1930763305873233
-2.1919142928656945
-2.1911745746722007
-2.191718748307298
-2.192716913825154
-2.191772598616051
-2.191899278460563
-2.1910583001278376
-2.1895354048311537
-2.1900459353320807
-2.1901708038125864
-2.190703639278604
-2.190241446097363
-2.1901496206296485
-2.188856849842225
-2.188761752244584
-2.187878225324328
-2.1858362157985467
-2.187279941570134
-2.185195861691762
-2.1868446097504988
-2.1847159471542676
-2.1834157839481074
-2.184827693475676
-2.183943332463289
-2.183268386537092
-2.182149418835576
-2.180476469194526
-2.1825912380543406
-2.1811067865479328
-2.182533220918064
-2.1801785343921107
-2.17781789770158
-2.1775639415415173
-2.1794761195372
-2.1779327788414187
-2.1787199131091
-2.1785591449420854
-2.1781937193757117
-2.17672144847439
-2.175687235557694
-2.1753557133488783
-2.172736019134438
-2.1739362839694385
-2.1753438979319304
-2.175314731072592
-2.1729482146397965
-2.172200843937138
-2.1703819171841277
-2.1695277854488313
-2.1666873564992386
-2.165823232170407
-2.1641637406034615
-2.164892470163045
-2.163730179060624
-2.1617415118278727
-2.1599290591383524
-2.159348064348213
-2.15936817170649
-2.1583698442480603
-2.1576032777963423
-2.1567960758716858
-2.1546330780550096
-2.152985838111708
-2.1520060027934114
-2.1507538141575604
-2.1486865663149697
-2.1464869253131096
-2.1458253918284735
-2.1450721747361245
-2.141544518204988
-2.143486093436458
-2.141218862057666
-2.1396289741356895
-2.1389389690056446
-2.1364066427221053
-2.1360436822578666
-2.1342135303331187
-2.133839643117539
-2.1309666040905895
-2.1286565321920246
-2.125896965734989
-2.121881958991296
-2.1193562324217172
-2.1186895077417556
-2.1202697297134736
-2.1169348093528764
-2.113791915470788
-2.1118307499187394
-2.1082112003575553
-2.104585859498416
-2.1001270402564782
-2.0982822027056818
-2.0960602248269304
-2.0919630139893863
-2.088979895824087
-2.0860307241913536
-2.0820581004784557
-2.078056121565463
-1.8041763801506892
-1.801828998890048
-1.7992498192370452
-1.796975475925334
-1.7939138578313536
-1.7915638183982716
-1.788733387572723
-1.7862627042773827
-1.7836110294373828
-1.7818212458520544
-1.7786936586218365
-1.776214294206913
-1.7736580393049992
-1.770619382948329
-1.7678799486973271
-1.7650552471267051
-1.7624002997650403
-1.7592024376254112
-1.7567724262779176
-1.7535534773402544
-1.7504794996449715
-1.7476706370007635
-1.7446360650168853
-1.7419258359182548
-1.739183300304634
-1.736048953316025
-1.732894980338084
-1.7299352106274732
-1.727094690035451
-1.7240969844890448
-1.720914010948337
-1.7179197377997792
-1.7147106436564468
-1.7119054827037168
-1.7088257359150552
-1.7057358455597713
-1.7028782497693051
-1.7002525635962493
-1.6968173835921252
-1.6938399297855766
-1.6909529844743338
-1.6874740393160026
-1.6840943451873314
-1.6810013511733046
-1.6774902238751583
-1.674657571501129
-1.6711150139082043
-1.6679467625635083
-1.664707796024356
-1.6612428828989567
-1.6577396472796717
-1.6541714297244945
-1.6508025183243695
-1.6472368090846725
-1.6438063199301958
-1.640145475769539
-1.6364910845517213
-1.6328221832211434
-1.6292509215852327
-1.6255458098462288
-1.6218659705074767
-1.6181862873436044
-1.6144706853412583
-1.6107139768108305
-1.606950874580948
-1.603076338309251
-1.5992940911901987
-1.5954559867997788
-1.5915738037557994
-1.587648721056223
-1.583667941455995
-1.5796986774385275
-1.5757190013329818
-1.5718371675042615
-1.567749567586095
-1.563843960349852
-1.5599319627563355
-1.55561708900392
-1.551424610241121
-1.5471750950693837
-1.5430675093991009
-1.5388006396258636
-1.5345594765105468
-1.5303956247304693
-1.5257957993585085
-1.5215709954067496
-1.5175098221623158
-1.5129710930626583
-1.50816565167344
-1.5033969089956305
-1.4990423825332773
-1.4946580878759579
-1.4902332159388039
-1.4855522799930796
-1.481058499464313
-1.4762766890399184
-1.4714900242877806
-1.4672703023726064
-1.4621416516085977
-1.4572955741085096
-1.4520170898573679
-1.447300884971709
-1.442540186611435
-1.4372920493225054
-1.4315132261406334
-1.4264078765554595
-1.4220463958337208
-1.417209616736448
-1.412420391024986
-1.4075934920066056
-1.4013822387834733
-1.3963932951921791
-1.3913824149154914
-1.3852736859200714
-1.3799835467526862
-1.3749674673010965
-1.3694937360759936
-1.364060091115664
-1.3585982559340775
-1.3534804203342397
-1.347824276220379
-1.3421016471915974
-1.3359350771677354
-1.331337310125415
-1.3251871637050787
-1.319889186940562
-1.3143209656377306
-1.3080473060142972
-1.3007389731694186
-1.295008907648897
-1.2898651348691772
-1.2833080760617859
-1.2754045805140974
-1.2706638606267853
-1.2636674050845067
-1.2566271020246542
-1.2495779216505065
-1.2430966092985758
-1.236491180679966
-1.228844057516583
-1.2239988264054886
-1.2168703566997638
-1.2099946339506809
-1.2019401199312394
-1.1959003057891975
-1.1909905817603241
-1.1848966406285106
-1.1739298286449271
-1.1665183271126052
-1.1601930557482734
-1.1552164371085143
-1.241121729549413
-1.2345739962701447
-1.227340881737186
-1.2218355860944532
-1.2137640966929766
-1.2081730647709017
-1.2027112097723338
-1.1970100763139846
-1.1920977516617866
-1.1871790634636576
-1.1810861815504154
-1.1742427833239613
-1.1681654008803826
-1.162506017072541
-1.155774715801399
-1.1498012120661925
-1.1440317063709264
-1.1377669178219953
-1.1296324763877756
-1.1214724215907588
-1.1130601488791376
-1.1065477905643548
-1.0999102867290849
-1.0928410956930028
-1.0869148297599711
-1.0800650720701794
-1.0724251532317357
-1.0660617485598936
-1.0592227216898589
-1.0524133225009698
-1.0447082111834625
-1.0379154060587483
-1.0297864435157
-1.0243409407648099
-1.0160239697546718
-1.0105871554930228
-1.0051440259592062
-0.9968986469340246
-0.9913960027758093
-0.9846032722826515
-0.9781885355859048
-0.9719472206522849
-0.9654857661000322
-0.9584121705851862
-0.9495442988886532
-0.9425812812347606
-0.9369307846274517
-0.9297696969332648
-0.9235753571739066
-0.9178863384365065
-0.9102380041993995
-0.9026974745235264
-0.8941623024727433
-0.8867766991200066
-0.8809784234185289
-0.875173810397424
-0.8665034280475787
-0.8606537731103285
-0.8544750527614573
-0.8471522418632405
-0.8403162403752962
-0.8323680065944743
-0.8258163080845703
-0.8184051696668413
-0.8117543165574533
-0.80517044256282
-0.7982036219900626
-0.7909331641043408
-0.7844916350852565
-0.7770007669788708
-0.7692489741889641
-0.7613231632405308
-0.7538258922765051
-0.7476980952659206
-0.7395587001450911
-0.7289602410453127
-0.7227755232802332
-0.7165318395548113
-0.7054035471015851
-0.6971485491220722
-0.6890152074446276
-0.6819822267851097
-0.6731825492969302
-0.6637398663104365
-0.65428311485385
-0.6451237199171002
-0.6347358018112772
-0.6283557499553133
-0.6169519930073567
-0.6059783500459733
-0.5917144400947448
-0.5827005947362309
-0.5738080154680506
-0.5631267977246811
-0.5404383596740735
-0.5339124450749176
-0.5185500735682768
-0.5084904782473846
-0.5019234960494295
-0.4920082002355194
-0.4830053950731319
-0.46027751003485123
-0.45016538014864216
-0.43986091212328665
-0.4269903283199168
-0.41123974855182593
-0.3951267132000802
-0.37909141596065277
-0.3686654439281682
-0.3509804444931373
-0.34422530837766563
-0.3254119996266052
-0.3186305856581088
-0.30644912742861297
-0.2936994416110478
-0.27726607830658123
-0.2675604640815803
-0.2562646817402667
-0.24943415338201563
-0.23027085236827566
-0.21546529931272118
-0.2020806544376579
-0.18896435431732264
-0.18007090670658973
-0.16785938929571542
-0.15579725765670607
-0.14416100853963926
-0.1287863270219926
-0.10712295663019337
-0.09115986366066785
-0.08008324338700355
-0.06774539853926843
-0.05785273954645441
-0.040655860781663826
-0.024862878980467115
-0.01799197890102389
-0.008336012957157414
0.0021629001076846365
0.013977018384417656
0.022077069304247722
0.028920329332326054
0.04059407615384903
0.053815894132234185
0.07186523559354757
0.09183383590439416
0.09862686941107371
0.1054261854014098
0.13560062847393053
0.15411208084000974
0.1608042187271112
0.1837928531934209
0.1954491348327964
0.21259536546083505
0.22934801215004838
0.23592963748615725
0.24809454383632998
0.26541202514736745
0.2925309818001712
0.3047036237339065
0.31693719988535196
0.33583593038715825
0.3446391826664394
0.3632473868690299
0.3757674476512182
0.38447813185561674
0.39070266466573134
0.40125041456090343
0.41422040734618143
0.43316488880957793
0.45142294010488343
0.4574116654160597
0.4782188446694942
0.48853353309759573
0.49905428919643335
0.5124875369518617
0.5272166067382535
0.5458595046845298
0.5793810948236392
0.5848526569301697
0.5990035922414843
0.6275983617535011
0.6407769828322016
0.6611672363499348
0.6814405713217145
0.7148390688670784
0.7374480193838991
0.7689961327160546
0.7986133410030732
0.8088956669298205
0.8243969045495667
0.8560971336530971
0.8736158212599462
0.9072311146803712
0.9178778586127502
0.9441020061795121
0.9841507896382705
0.9875318933419581
1.0012257005199459
1.0274583111553026
1.0580693381473176
1.0831026413955764
1.1006971910131076
1.1368337964917792
1.165358893467866
1.1794398057445417
1.1933835942480548
1.2205960252206056
1.2498655106049987
1.263386919021987
1.2763664401089365
1.2778893295391902
1.3120267957453582
1.3219418305250186
1.3227475896785417
1.3479597695769274
1.3481703630169242
1.3855838038616546
1.456727286918402
1.4556522521506385
1.469721767590549
1.5333496406813811
1.5315642960470028
1.529785304311823
1.54567474699149
1.6306701090239377
1.657774757204128
1.6651974768445899
1.6737842162582308
1.7351685666765106
1.7840288125127683
1.817693495252123
1.8131241752318694
1.8755499203633508
1.8703509923556039
1.9319482543689788
1.9364385564250701
1.9303563109744821
1.968810912138331
1.9638046913635798
1.9824347832768856
1.9802757912345705
2.018794966177583
2.0101654625467926
2.0571490926689076
2.0598482660257806
2.131491740748734
2.1207273774104696
2.1864633099820114
2.195620492338397
2.248841555155274
2.2569112421562765
2.2647559102021613
2.3246079709214404
2.3550168572141916
2.364909554551828
2.3496349295045706
2.3929360604447045
2.5197154270054916
2.531511568660042
2.5586531155400105
2.6713787712579826
2.699959741898396
2.6972198635128395
2.75052625894959
2.727825819974338
2.7343806349039683
2.76037646275462
2.818757091185891
2.7929900892148813
2.7672289097951275
2.7853427282048737
2.8006497257605925
2.8585983171056544
2.8452825034606217
2.831590200383081
2.9131448184221194
2.8795770344522698
2.878942461351194
2.918128520932049
2.9123275924630327
2.9448268266926916
2.9634721522454517
2.9256675442909437
3.0089462082536995
3.005155286489904
3.077976268408463
3.2880430125950055
3.2438913236191658
3.1997451549388103
3.3539540210293572
3.342068014477854
3.457815436934541
3.4084019535437027
3.507996960132119
3.5072156894395468
3.5054715461400603
3.632025196123715
3.711643550071008
3.652856409541597
3.594074043078498
3.6065195061572948
3.6253020627962633
3.631633571422036
3.662634697750242
3.597684927364672
3.6086446646339225
3.5420607247779485
3.604574538518649
3.6190005375023038
3.77109889382286
3.8012007600273288
3.8374590289031274
3.779868683943213
3.745872200176128
3.688767187215449
3.63255769447752
3.7407005711197154
3.684037826649954
3.704520593396273
3.6132135848229496
3.582497325167433
3.718464277793498
3.955323664500898
4.117784518537136
4.0621705931381165
4.0571430598977445
4.106646275245913
4.1169544087846
4.0052453609842
4.198681771216558
4.2117354890188645
4.2386593647127295
4.1186355530709315
3.9986140909937204
4.12125941203733
4.821000305463513
4.685856424526201
4.741382280412658
4.603455569355645
4.572414561418309
4.5886670278778245
4.6987124821705315
4.666295753585246
4.777462704591799
4.7550922257824
4.600367119603284
4.583980471591688
4.71152256810106
4.960845046187513
5.044953934218844
4.989453282054643
5.078481543646572
5.183510409980272
5.385049724662656
5.603777318287226
5.716055762545365
5.521148784859519
5.914406815058597
6.0918923613923335
5.883586493487181
5.675274260940383
5.850956026385389
5.8876989520417
5.964396117133707
6.2346375340812745
6.006431954737894
6.084070125500264
6.1036943615203505
5.999127946051868
0.0
0.0
0.0
0.0
0.0
0.0
0.0
0.0
0.0
0.0
0.0
0.0
0.0
0.0
0.0
0.0
0.0
0.0
0.0
0.0
0.0
0.0
0.0
0.0
0.0
0.0
0.0
0.0
0.0
0.0
0.0
0.0
0.0
0.0
0.0
0.0
0.0
0.0
0.0
0.0
0.0
0.0
0.0
0.0
0.0
0.0
0.0
0.0
0.0
0.0
0.0
0.0
0.0
0.0
0.0
0.0
0.0
0.0
0.0
0.0
0.0
0.0
0.0
0.0
0.0
0.0
0.0
0.0
0.0
0.0
0.0
0.0
0.0
0.0
0.0
0.0
0.0
0.0
0.0
0.0
0.0
0.0
0.0
0.0
0.0
0.0
0.0
0.0
0.0
0.0
0.0
0.0
0.0
0.0
0.0
0.0
0.0
0.0
0.0
0.0
0.0
0.0
0.0
0.0
0.0
0.0
0.0
0.0
0.0
0.0
0.0
0.0
0.0
0.0
0.0
0.0
0.0
0.0
0.0
0.0
0.0
0.0
0.0
0.0
0.0
0.0
0.0
0.0
0.0
0.0
0.0
0.0
0.0
0.0
0.0
0.0
0.0
0.0
0.0
0.0
0.0
0.0
0.0
0.0
0.0
0.0
0.0
0.0
0.0
0.0
0.0
0.0
0.0
0.0
0.0
0.0
0.0
0.0
0.0
0.0
0.0
0.0
0.0
0.0
0.0
0.0
0.0
0.0
0.0
0.0
0.0
0.0
0.0
0.0
0.0
0.0
0.0
0.0
0.0
0.0
0.0
0.0
0.0
0.0
0.0
0.0
0.0
0.0
0.0
0.0
0.0
0.0
0.0
0.0
0.0
0.0
0.0
0.0
0.0
0.0
0.0
0.0
0.0
0.0
0.0
0.0
0.0
0.0
0.0
0.0
0.0
0.0
0.0
0.0
0.0
0.0
0.0
0.0
0.0
0.0
0.0
0.0
0.0
0.0
0.0
0.0
0.0
0.0
0.0
0.0
0.0
0.0
0.0
0.0
0.0
0.0
0.0
0.0
0.0
0.0
0.0
0.0
0.0
0.0
0.0
0.0
0.0
0.0
0.0
0.0
0.0
0.0
0.0
0.0
0.0
0.0
0.0
0.0
0.0
0.0
0.0
0.0
0.0
0.0
0.0
0.0
0.0
0.0
0.0
0.0
0.0
0.0
0.0
0.0
0.0
0.0
0.0
0.0
0.0
0.0
0.0
0.0
0.0
0.0
0.0
0.0
0.0
0.0
0.0
0.0
0.0
0.0
0.0
0.0
0.0
0.0
0.0
0.0
0.0
0.0
0.0
0.0
0.0
0.0
0.0
0.0
0.0
0.0
0.0
0.0
0.0
0.0
0.0
0.0
0.0
0.0
0.0
0.0
0.0
0.0
0.0
0.0
0.0
0.0
0.0
0.0
0.0
0.0
0.0
0.0
0.0
0.0
0.0
0.0
0.0
0.0
0.0
0.0
0.0
0.0
0.0
0.0
0.0
0.0
0.0
0.0
0.0
0.0
0.0
0.0
0.0
0.0
0.0
0.0
0.0
0.0
0.0
0.0
0.0
0.0
0.0
0.0
0.0
0.0
0.0
0.0
0.0
0.0
0.0
0.0
0.0
0.0
0.0
0.0
0.0
0.0
0.0
0.0
0.0
0.0
0.0
0.0
0.0
0.0
0.0
0.0
0.0
0.0
0.0
0.0
0.0
0.0
0.0
0.0
0.0
0.0
0.0
0.0
0.0
0.0
0.0
0.0
0.0
0.0
0.0
0.0
0.0
0.0
0.0
0.0
0.0
0.0
0.0
0.0
0.0
0.0
0.0
0.0
0.0
0.0
0.0
0.0
0.0
0.0
0.0
0.0
0.0
0.0
0.0
0.0
0.0
0.0
0.0
0.0
0.0
0.0
0.0
0.0
0.0
0.0
0.0
0.0
0.0
0.0
0.0
0.0
0.0
0.0
0.0
0.0
0.0
0.0
0.0
0.0
0.0
0.0
0.0
0.0
0.0
0.0
0.0
0.0
0.0
0.0
0.0
0.0
0.0
0.0
0.0
0.0
0.0
0.0
0.0
0.0
0.0
0.0
0.0
0.0
0.0
0.0
0.0
0.0
0.0
0.0
0.0
0.0
0.0
0.0
0.0
0.0
0.0
0.0
0.0
0.0
0.0
0.0
0.0
0.0
0.0
0.0
0.0
0.0
0.0
0.0
0.0
0.0
0.0
0.0
0.0
0.0
0.0
0.0
0.0
0.0
0.0
0.0
0.0
0.0
0.0
0.0
0.0
0.0
0.0
0.0
0.0
0.0
0.0
0.0
0.0
0.0
0.0
0.0
0.0
0.0
0.0
0.0
0.0
0.0
0.0
0.0
0.0
0.0
0.0
0.0
0.0
0.0
0.0
0.0
0.0
0.0
0.0
0.0
0.0
0.0
0.0
0.0
0.0
0.0
0.0
0.0
0.0
0.0
0.0
0.0
0.0
0.0
0.0
0.0
0.0
0.0
0.0
0.0
0.0
0.0
0.0
0.0
0.0
0.0
0.0
0.0
0.0
0.0
0.0
0.0
0.0
0.0
0.0
0.0
0.0
0.0
0.0
0.0
0.0
0.0
0.0
0.0
0.0
0.0
0.0
0.0
