-1.615823294315104
-1.6200434819960816
-1.6241888284213435
-1.6283624730018091
-1.6325080267308083
-1.6366613560564052
-1.6406884801537651
-1.6447487836034165
-1.6487623226136667
-1.6527723931120237
-1.6568019557193256
-1.660782109697633
-1.6647192817612089
-1.6686234220287377
-1.6725095457372223
-1.6763567375471427
-1.6801888859293705
-1.6839503481999538
-1.687733384819601
-1.6914840027508857
-1.6951609316743208
-1.6988739086577551
-1.7025759665169553
-1.7062274768951375
-1.7098751145897908
-1.7134384578263326
-1.7170443179958312
-1.7205744798546883
-1.7241374954966697
-1.72767167034199
-1.7311115421542027
-1.7346229301836138
-1.7381142511195216
-1.7415670747806744
-1.7450117765117439
-1.7485191102361695
-1.7516612605243251
-1.7552245691358557
-1.7584970264994761
-1.7619874341407773
-1.765191354867539
-1.7685235259975955
-1.7716688961230331
-1.774828614107558
-1.7780048288601205
-1.7811345653725001
-1.7843514310214081
-1.7875643854901413
-1.7906006764118798
-1.7937677823060665
-1.7969665285717042
-1.8000658118237485
-1.8032832345488246
-1.8062825835098153
-1.8094183085893414
-1.812351919456311
-1.815341066853106
-1.8183966705181533
-1.8216147704957817
-1.8242464737084276
-1.8272806624489646
-1.8297123259986434
-1.8329099570699878
-1.8357587627011565
-1.8387150978646032
-1.8418075660207545
-1.8447260232292015
-1.8475306430097025
-1.8504117251266314
-1.853276610290758
-1.8561288296989802
-1.8588175292597293
-1.8618032597449024
-1.8645993227061095
-1.86737585373578
-1.8698911819825148
-2.0874799476277466
-2.0887661793109693
-2.0913978733620078
-2.093940377677444
-2.097076450013227
-2.0999947452787904
-2.102545370050328
-2.106644459529077
-2.1065018815738723
-2.1082568684413827
-2.112178799095309
-2.1150742102525384
-2.1178077403961932
-2.1198455524253297
-2.12331943369256
-2.1256305950832406
-2.125343341087012
-2.127733289181759
-2.129721980490746
-2.131089494399053
-2.133052689061414
-2.1348182111321417
-2.1361114101834695
-2.1382141721333734
-2.1394427672757987
-2.141821674980079
-2.142800834421783
-2.144213573981497
-2.1464445203852045
-2.14698354860625
-2.147762877035003
-2.150234676008439
-2.1503512403189924
-2.1520222895239534
-2.1535611622616235
-2.155064171037742
-2.156537013209509
-2.1579113201844016
-2.159905657916058
-2.160918589137118
-2.1619952986560973
-2.1624321391911763
-2.1640058832736218
-2.16332853951873
-2.165127147032884
-2.166527192792125
-2.164886955512913
-2.166186117683371
-2.166748138291303
-2.1674903615275385
-2.1692383361305074
-2.1696047660432587
-2.1708850072891908
-2.1711153976629944
-2.1727551845638553
-2.1740937471480746
-2.1746437777202523
-2.1752906212449603
-2.176244844995432
-2.1764147087410293
-2.177417750082097
-2.1774762363918976
-2.178755119928415
-2.1794156748591176
-2.1799834578972024
-2.1800658661443975
-2.1803022528973477
-2.1808746798182272
-2.181406161154014
-2.182174644074329
-2.1823429141287636
-2.1830403512098226
-2.1833014555736665
-2.1835503022047624
-2.1842472016891294
-2.184664100385687
-2.1854691240046416
-2.18548844597849
-2.186398044562826
-2.1865384747722794
-2.1865708520998357
-2.18758133739118
-2.1878128449951997
-2.1878505955018936
-2.1883500656749084
-2.1886858886111193
-2.189309153092273
-2.189439054640642
-2.190201824729467
-2.1900484513669314
-2.1907865540655855
-2.190132340999589
-2.1903373790863396
-2.1910168849472873
-2.1914483264329223
-2.1909842377594977
-2.191952522140068
-2.1915080077329443
-2.1919213786549605
-2.192139440492174
-2.192639883191351
-2.193409477989674
-2.1937269719828447
-2.193447900782844
-2.194120451980953
-2.1952278982737523
-2.195570148530698
-2.195759708996482
-2.1948614841196914
-2.1948230723293753
-2.195391538997922
-2.195995542116649
-2.1960387408067406
-2.1963373695716624
-2.1964276246474235
-2.19653557559125
-2.197174539749715
-2.197438990730086
-2.1977514595158296
-2.19765581457606
-2.198237094644086
-2.1990764486439107
-2.198369945243025
-2.1986135131149696
-2.1985104807577893
-2.19872152569508
-2.1985900529732794
-2.1985489215095138
-2.197900395292475
-2.1987895085077547
-2.19943792111355
-2.198504345915667
-2.1984504967929466
-2.1993594298464383
-2.1993278216830277
-2.199978522073237
-2.2002583985916946
-2.2006958191691615
-2.20106813261752
-2.200167845669632
-2.2003994638841635
-2.200717075103015
-2.2006216242657075
-2.2006488956299264
-2.2010516604200885
-2.2012785186523693
-2.2013133557166467
-2.201159220139381
-2.2019434542794065
-2.2016136984868178
-2.201917628020571
-2.202001566508704
-2.202169796509399
-2.2022964341987645
-2.202283004392797
-2.2021712023209563
-2.2028612074751517
-2.20207481990714
-2.2021048077007097
-2.202276431607243
-2.202429673641606
-2.2024268663281035
-2.2028179315795904
-2.202921200480824
-2.203358577266455
-2.203409005697246
-2.203840188506725
-2.204051388883938
-2.204690840778517
-2.203979232741356
-2.2037976465928435
-2.2040383808951387
-2.204078258324977
-2.2044575879783137
-2.2044599261400064
-2.204361507704917
-2.2043676392839764
-2.2047105306851718
-2.20519467497329
-2.205262232550783
-2.205398100970104
-2.2055672353426092
-2.20595740160426
-2.2059151474346663
-2.206231118471111
-2.2067335026326176
-2.206189845920634
-2.205923655857649
-2.2059472201350694
-2.206330341636149
-2.2065059991917617
-2.2066334510485897
-2.20699235525661
-2.2071824228308095
-2.207198978343521
-2.2075362327343266
-2.2076216344147035
-2.2076758690998672
-2.207272120220826
-2.207529737150436
-2.207685024472954
-2.2073407205234403
-2.207374092893519
-2.2081731465437806
-2.208549409070285
-2.2077952166426345
-2.20804075665865
-2.2081645444998905
-2.208184170384755
-2.2088037128245914
-2.2087220175973354
-2.2085012085215543
-2.2085253346397606
-2.2086976079504126
-2.208574079618127
-2.2090649769217463
-2.209025926274173
-2.209081555688116
-2.2089434642292756
-2.2093409283703833
-2.209345677668702
-2.20965069704873
-2.2095405662800487
-2.209579650188498
-2.2099317691871816
-2.2089121295727656
-2.209326457897606
-2.2095379186277793
-2.2099324445553425
-2.2103412949707537
-2.2100991886017
-2.2100702253917928
-2.2092067257526247
-2.2096260061886905
-2.2094265858157343
-2.209620033627058
-2.2100121910892763
-2.210161727763487
-2.21038425618075
-2.2103949959829867
-2.2103293359575615
-2.210696379550945
-2.2105910202303085
-2.210153505958796
-2.21065758648385
-2.2105485480211575
-2.210868176371828
-2.210612630627044
-2.210902917735959
-2.2103652953566377
-2.210866661568544
-2.210793745145465
-2.21093410031826
-2.2110921473144285
-2.2103555313682537
-2.2106826336561767
-2.210691669028059
-2.210941374024477
-2.210865395857002
-2.210829672491893
-2.2113275485824606
-2.2113854336029948
-2.2108511287097845
-2.210543530487881
-2.210915819873589
-2.211114041138783
-2.2111314103457502
-2.211502296540722
-2.2114647105546625
-2.2111006745029598
-2.2111589833737497
-2.2115347877880116
-2.211776875964286
-2.211494163704704
-2.2110908987042555
-2.2113881857031843
-2.211328312777597
-2.21158720094409
-2.2120297633174357
-2.21175837036445
-2.211672486198591
-2.2114878375831473
-2.2116054062492805
-2.2115758798343994
-2.211930241970183
-2.2119805658862166
-2.2121810131850257
-2.2127015358214592
-2.212313008547974
-2.2128294502417742
-2.2123324523264007
-2.212845814399454
-2.2131600335559383
-2.2127749729599095
-2.212918382557351
-2.213082512398707
-2.213339762524009
-2.21371209263171
-2.213159987056001
-2.213482726109943
-2.2130880637527635
-2.2135816655480034
-2.214069331750271
-2.2141200838230537
-2.2136078857718013
-2.2139151362421394
-2.2136533530127585
-2.2136109860077906
-2.213578327213774
-2.2138637467663296
-2.214067770053808
-2.2141435257620623
-2.2146140678300426
-2.2143294953306856
-2.213959992858773
-2.2139050406166603
-2.214292043283034
-2.2144373450682533
-2.2147466179714046
-2.214865541722255
-2.2153210667040835
-2.2154676973649816
-2.215681666727514
-2.2155195841545576
-2.2156746934165925
-2.2159761629222787
-2.2162459059395743
-2.2162473566168908
-2.216221074291766
-2.2163336876199744
-2.2164147772050766
-2.2164999239102436
-2.2167592500408815
-2.216979975833973
-2.2170755851748174
-2.217174613589632
-2.217438832719036
-2.217714587145794
-2.2177498955483816
-2.217801922405033
-2.2182250743447978
-2.2179483114053724
-2.218174289362812
-2.2183529150338335
-2.2183462571012322
-2.2185938891344033
-2.218578484141528
-2.2187533442718452
-2.2187958743660325
-2.2190693585254935
-2.219307272165731
-2.2195544957371545
-2.2199582410453558
-2.2201634748333237
-2.220181931595409
-2.219923149293262
-2.2202425638476346
-2.2205379715052196
-2.2207203061652625
-2.221028511356257
-2.221331535918915
-2.2217239818481187
-2.2218577785402127
-2.2220122690823367
-2.222343189862971
-2.2225739268743365
-2.2228147964804412
-2.2231139701605125
-2.223410108910208
-2.24754377698976
-2.247264244099868
-2.24710503765846
-2.2467994811635754
-2.247002533531392
-2.2466954944955617
-2.246697213816501
-2.2464606452263274
-2.246305961013335
-2.2455790660730264
-2.2457663961104224
-2.245506615087974
-2.2452916354715224
-2.2453809561152482
-2.2452802816568664
-2.24519388274726
-2.24504484902153
-2.245207816425243
-2.2448781848522534
-2.2450346081893744
-2.2450790293030978
-2.244961126576346
-2.244983774799669
-2.244794730862515
-2.2446001599910272
-2.2446369920471745
-2.2446769732988794
-2.2446172462800456
-2.244467141485912
-2.2443954104120865
-2.244415878404613
-2.2443259313585755
-2.244343947664007
-2.2441427373123783
-2.2440781738718436
-2.244011591139826
-2.243832695168483
-2.2435271493888145
-2.243626481200913
-2.243443058004579
-2.2432307088485888
-2.243326304619512
-2.243354030720161
-2.243232853176457
-2.243317725594171
-2.243049947457307
-2.2431326288757876
-2.2430200851454223
-2.242935196762516
-2.24294550227428
-2.242967686437627
-2.2430163693111593
-2.242967192734932
-2.2429954527927234
-2.2429556026311093
-2.2430162017867983
-2.243064015855725
-2.2431102656302904
-2.2431053742973925
-2.2431517646912944
-2.2431812068450467
-2.2431996628040562
-2.243230510535886
-2.243265400797867
-2.2432943780386876
-2.2433708788658437
-2.243391264282712
-2.2434321448703174
-2.2434834875166443
-2.243537883213466
-2.243613502356263
-2.2436765856660856
-2.2437355626497633
-2.2437387278857033
-2.2438250099875403
-2.243821123838334
-2.2438113231954246
-2.2439636167584025
-2.2440576009423983
-2.2441752679139926
-2.2442187554126507
-2.2443160515845193
-2.244384162728956
-2.244414353014161
-2.2446282879944195
-2.244664589820184
-2.2446311898660776
-2.2447853353858713
-2.2450438867550035
-2.245274503298217
-2.245316183501001
-2.2453758333437905
-2.2454436316195454
-2.245576877265934
-2.2456538952386986
-2.2458234514765563
-2.245984936166549
-2.2459211694797303
-2.2461845997206034
-2.246356960037553
-2.24663106613524
-2.2467048836271895
-2.24681063841234
-2.247071885476573
-2.247556203118247
-2.247739436050333
-2.247653224430172
-2.2477149916217933
-2.2477523605973486
-2.2478175879993416
-2.248297352347884
-2.248401502066729
-2.248504958285065
-2.2489706105230933
-2.24915815631416
-2.249207711890118
-2.2494164508197345
-2.249601914723641
-2.2497622433574698
-2.2498368646848697
-2.2500670531434066
-2.2503102586969623
-2.2507005259191155
-2.250556465758279
-2.2508970434459377
-2.2509776379551467
-2.2510957342084597
-2.251489109994385
-2.2521952830163205
-2.2523609709494163
-2.2523197408177316
-2.2527402495033053
-2.253488196228146
-2.253309497328307
-2.2537914786891244
-2.2543041224741347
-2.254768581408769
-2.2550692978805102
-2.255358395184722
-2.255991743914225
-2.2557888662119794
-2.256231895005908
-2.25659301006618
-2.2572937699798166
-2.257374676701585
-2.2571513026951715
-2.257230462811487
-2.2587505171522375
-2.25914686919295
-2.2592560576457927
-2.2590125546300888
-2.225726845593006
-2.2260446830195932
-2.2266016055192615
-2.226521458138652
-2.227337522840154
-2.2272471199369517
-2.227097466091295
-2.227023321008517
-2.226680522170915
-2.226331797015852
-2.226390508335993
-2.226660837514513
-2.2266502934276544
-2.22650136140076
-2.2267070900353154
-2.2266684914871173
-2.226527746554709
-2.2265291265070037
-2.2271860664061194
-2.2278151647362607
-2.2285135996198036
-2.228569299076576
-2.2286283040988955
-2.2288042670755144
-2.228661717596925
-2.228771340634884
-2.229091946534718
-2.22902317166767
-2.229091195747386
-2.2291437813692236
-2.229423558369425
-2.229438694380662
-2.2298076981533583
-2.2294327401444503
-2.2298312097228443
-2.2294371567654276
-2.2290371629055645
-2.2293858468148584
-2.2289872984668664
-2.2289252889943785
-2.2287505543726334
-2.2285434169765828
-2.228364240678938
-2.228378757619601
-2.2288699141924564
-2.2288066375613402
-2.2283872419702986
-2.228359043846259
-2.228075917827521
-2.2276438974502812
-2.2276944166875774
-2.227724990237621
-2.2279836331222045
-2.2279417335881755
-2.227499886333495
-2.227052104492494
-2.2273032414771974
-2.226851721180492
-2.2264796456351528
-2.2263763760877153
-2.226145726924166
-2.226180198973422
-2.2258560780190173
-2.225740045953121
-2.2254391987010966
-2.2250991290269186
-2.224861327776059
-2.2246813625170367
-2.2242850685934887
-2.2241400036200893
-2.224046460551101
-2.2239571306225927
-2.223795403308813
-2.223291513103761
-2.223269783783031
-2.2237970519740435
-2.223284219570314
-2.222776721515222
-2.223411985978022
-2.223362379258654
-2.223275904646968
-2.2229073048072103
-2.222955679842039
-2.223122964687463
-2.223303805021215
-2.2233405635431986
-2.2236478106445645
-2.2230971977561174
-2.223626338565215
-2.2240424553807645
-2.225214518656729
-2.225162122001465
-2.225075957269949
-2.2254190211407554
-2.228182454788964
-2.2276042800579785
-2.228840649821303
-2.228936649796464
-2.228345102841996
-2.2283967016122324
-2.2282611785355297
-2.2309058484261954
-2.2309639010855795
-2.23105043903491
-2.2316145167812325
-2.2328561956010757
-2.2341619042177903
-2.2352645745206186
-2.2353164473153297
-2.236803697702274
-2.2361626801481242
-2.237758661511752
-2.2371082691633775
-2.23742820287308
-2.237859629750548
-2.2388999638032825
-2.2387863457306696
-2.238970256283106
-2.2382860611007276
-2.239751948535369
-2.2404969478139023
-2.2410274522004094
-2.2414984671980105
-2.2411654246498083
-2.241363256366181
-2.241563095036951
-2.241634769026556
-2.2423755687504157
-2.244105724686603
-2.244998010657448
-2.2449963718065384
-2.245132759757312
-2.2448983848776343
-2.245878552811128
-2.2465640685891684
-2.2457670492203525
-2.2454495588395287
-2.2452715804095624
-2.2452445622957664
-2.244631761993219
-2.243794965714885
-2.243716030858611
-2.2438703562763607
-2.2447980811589
-2.2459830215328207
-2.245103307663052
-2.2442176507151546
-2.247112928918395
-2.2480732889869617
-2.2471491735367737
-2.2488331540762214
-2.2486459751813923
-2.2493458472220285
-2.249904361171298
-2.2489282974701577
-2.248782226412408
-2.2495143363208476
-2.2517409730912186
-2.251628436707891
-2.2515164202711144
-2.2524020412816825
-2.251696611704225
-2.2525252134332727
-2.2523951799493354
-2.2516500055313178
-2.250543486275868
-2.2500780137635013
-2.2499365168067165
-2.2505973938039285
-2.2512031265538326
-2.2500278636643984
-2.2509125547933535
-2.250368403747455
-2.249847092567812
-2.2496731469728375
-2.2496639897688
-2.250182490343492
-2.2529753367039773
-2.2516712806311903
-2.2515391524355786
-2.2534998957204855
-2.253210051899709
-2.2540204112507087
-2.2546529653816787
-2.257183550194092
-2.2581534133847354
-2.2603416777951635
-2.2622260761311277
-2.261525112115329
-2.2615414269183294
-2.263647884624018
-2.26380334012359
-2.266137316946592
-2.2654387218882635
-2.26673649784798
-2.2698880033107613
-2.268178741975872
-2.26785328561015
-2.2690290540799354
-2.270849620436583
-2.2720043424331737
-2.2720459131881547
-2.2745571455797173
-2.275925947321187
-2.2755742001529975
-2.2751958864187074
-2.2764432553189953
-2.277825019496043
-2.277358162926362
-2.276722820914645
-2.274681108659043
-2.2768064988722867
-2.2758550158536175
-2.273702862822604
-2.2745727675641234
-2.272334712432453
-2.274732381899376
-2.2810111534858875
-2.278596136415086
-2.2780629745276832
-2.2833388698325674
-2.280818211116306
-2.27829161951555
-2.2779406175035635
-2.285651741106679
-2.286643185123123
-2.2852182281773175
-2.2839267279023505
-2.288732554141171
-2.292115029429293
-2.2936584514297667
-2.2907387298721686
-2.295546397835183
-2.292540452355797
-2.2973415739346
-2.295476955995453
-2.2923469889983044
-2.2943319935744437
-2.29130842408831
-2.2910353285911316
-2.288314895792194
-2.2903226684243316
-2.2868613824163613
-2.28979552003584
-2.2875729485394425
-2.293054294388573
-2.2893255762604605
-2.29425955482506
-2.292805998440085
-2.2962535558012918
-2.2945436875033494
-2.2929070002529603
-2.2968989768992096
-2.297554469035368
-2.2961102827200857
-2.2918189832981515
-2.29382202740718
-2.305055949397189
-2.3037694317754496
-2.304184582329068
-2.313598041418596
-2.3138894135929764
-2.3109428510904597
-2.3138270791881888
-2.308672184474087
-2.306714489273283
-2.306875166013991
-2.310308035249641
-2.304796994885268
-2.299279962213084
-2.2984691636241683
-2.2973467357215505
-2.300794521443526
-2.2965267825761355
-2.2922103731045023
-2.2980551629933474
-2.2916683970149423
-2.2887901382711617
-2.2901513940958194
-2.2865834170282655
-2.2870039797006325
-2.2860041434675042
-2.2791358565587645
-2.2847917477246744
-2.2813452597689654
-2.2857568222422295
-2.3040507115915667
-2.2964994321269723
-2.288942129765636
-2.3015924657577482
-2.2973676885170424
-2.3060138786965214
-2.2978921715944116
-2.3046144121382737
-2.301477286625082
-2.298231156301609
-2.307795605792402
-2.3126060870855434
-2.303501544438261
-2.2943909036765646
-2.2923130376278804
-2.2908284342466514
-2.2882990135231136
-2.2879813150068986
-2.278227075435511
-2.2759102519008265
-2.2659826278679915
-2.269034171764147
-2.2669939430996986
-2.278891570204489
-2.278493079395339
-2.2786625758711807
-2.2695308870287785
-2.2626643169981135
-2.253561933418223
-2.244537758581941
-2.2516980506526885
-2.242598578802096
-2.240861923101221
-2.228431940615316
-2.221785186060486
-2.2316285746279876
-2.2513389503228947
-2.263056748392809
-2.25408605786953
-2.24972448561218
-2.250668084947309
-2.247709469079153
-2.2332580753444815
-2.247968992362375
-2.2451972011109524
-2.243709393964734
-2.228444437768574
-2.2131731493261295
-2.220596259499268
-2.283345511306347
-2.2666208163024417
-2.2677106602129884
-2.250712828138121
-2.243618553321279
-2.2408791997815793
-2.2470918083331055
-2.240051535841473
-2.2462507312575752
-2.2398497406395452
-2.221243069681393
-2.215370959262183
-2.2230774829693125
-2.242360590746942
-2.245551090457252
-2.2359594006365677
-2.2398453576888038
-2.2451689892673596
-2.259404132607121
-2.2751451890068903
-2.280924111291932
-2.2585377157171296
-2.2896460433958024
-2.301160098619802
-2.277535985195255
-2.253904732072525
-2.265130780605213
-2.2640133812885987
-2.266175431213068
-2.2858243850276114
-2.260355414950066
-2.2625008120042858
-2.259423127200872
-2.244954367741899
-1.697733903666649
-1.6887942960444464
-1.6795414493272651
-1.6698369131786304
-1.659229273499768
-1.649877918204892
-1.6394475582187755
-1.6288311307512575
-1.6186184095248284
-1.6076682047330089
-1.5962128702373728
-1.5856905288186613
-1.5739548505495484
-1.5632141998711273
-1.5513087486073196
-1.5386963915380425
-1.5267010982996112
-1.5146966096843013
-1.5020066757341581
-1.4879969423800947
-1.4747661722459888
-1.4623745009032527
-1.4484403020070464
-1.434925463118296
-1.420771429935805
-1.4063359950355228
-1.391126738428514
-1.3755079029068071
-1.3600531511336502
-1.3449744262603422
-1.3282068998302556
-1.3120117833923042
-1.2968091080960895
-1.2786391815717337
-1.2620131282500875
-1.2448431301221148
-1.227221514262006
-1.209642703938851
-1.1908986638637435
-1.1719697897604975
-1.153710062281066
-1.1346301970985284
-1.118724228860314
-1.1103812935518582
-1.1016894643084785
-1.0932277140161024
-1.083517921559726
-1.0733575723873001
-1.0643879903274271
-1.0541332283000502
-1.0455482201119137
-1.391614661022796
-1.3824940730753652
-1.37616852076657
-1.3698353591663812
-1.363419257514426
-1.354170882899034
-1.347561539381425
-1.3415157615493154
-1.334774856136348
-1.3280452526860884
-1.3181546496258867
-1.3115042771260517
-1.3026716676516108
-1.2939902299582005
-1.2838540063581299
-1.2773669820379274
-1.2699902077106413
-1.2629870150578093
-1.2558942158423376
-1.2451575623204845
-1.2378080864464076
-1.2310914357302278
-1.2238951395263427
-1.2161218289771372
-1.2074178372039825
-1.1995082718156198
-1.1891538817437726
-1.1790578445382145
-1.1689375822918635
-1.1592121128528055
-1.15156985296526
-1.1435622380437638
-1.133673130692224
-1.1237106618683892
-1.116352846435677
-1.1083181720089095
-1.1001434759702384
-1.0917892013798174
-1.0776552399312813
-1.064980555204152
-1.0536077319267865
-1.0447813561190546
-1.0363809461932474
-1.0274117661949487
-1.0183950867813703
-1.0047324485482347
-0.993714370231501
-0.9849944232194332
-0.976195873845262
-0.9662521227992498
-0.955369507763372
-0.9433457552987731
-0.9322489111633858
-0.9210314432908299
-0.9109309110148583
-0.9019161551026549
-0.8889452480748694
-0.8763320446146822
-0.8647270725434076
-0.8535206559872384
-0.8420709788420906
-0.8277781518936955
-0.8173622932218889
-0.8034775253697518
-0.7936332320795231
-0.7791821314132981
-0.7648178873276672
-0.7513995387293422
-0.7390578441679202
-0.726239203030337
-0.7135414683306776
-0.7022653727366855
-0.6909842962378054
-0.6760349964123443
-0.6586611921752868
-0.6474322745365109
-0.6354385409988138
-0.6195400502827573
-0.6037054294122681
-0.5928538421421315
-0.579815932116433
-0.5525727371108609
-0.5302928731567674
-0.49211420131063977
-0.4715555971678154
-0.44961023640356196
-0.416261090642863
-0.3670149362075442
-0.33068091109305303
-0.289483939955538
-0.26709010266386635
-0.23858183883471182
-0.20126671726657028
-0.172266787282138
-0.12842048415946708
-0.0982780107316503
-0.0746672604957025
-0.035577860541565774
-0.0043007292121079715
0.026079995616207285
0.07410967880075428
0.10539388370497915
0.14694659273140218
0.18635615990504473
0.24312695422768238
0.28288922399957567
0.3321194743507736
0.37800629526038126
0.4114946686096411
0.44531625328556096
0.4969982054316736
0.5526714950433113
0.5952049888217555
0.6448506451885926
0.6920372201890327
0.7629367617675658
0.8184188280674342
0.8784291802009166
0.9324885032661816
0.9765127447425066
1.0359148051137328
1.0753719807720241
1.132140273035226
1.18002728181645
1.2542218749476166
1.3144086490804132
1.383582718063874
1.4466078095392738
1.5097833769472586
1.538577894632574
1.5690650854121304
1.6020647619327049
1.6318514021912907
1.6732933873617954
1.7070167747550893
1.7421860110555438
1.782121294519179
1.8177704079931207
1.8492910651213768
1.896401680995135
1.9366749735375195
1.9625390958545046
2.0116475580282853
2.0623680383352
2.0918292705658583
2.135386198064728
2.174932616775848
2.216563562721368
2.253553587634883
2.2813620961316676
2.2899614651419262
2.308463982292485
2.326357263435022
2.3352633205459874
2.3530990825060627
2.364415346647709
2.377721386624353
2.3880704351421986
2.3961068402989665
2.410590707110403
2.42021011234486
2.4281656875197215
2.44871670887127
2.4554439252240083
2.477117536263322
2.480812039155335
2.4900469175637947
2.5040198617796134
2.5110742195323925
2.5288733767704317
1.0965608106314761
1.1217727608942354
1.1498693183038011
1.173291333723819
1.1992112030775641
1.2230341484097167
1.252580073962325
1.2871109074263563
1.3137902676568254
1.3405572751534043
1.3783912802351235
1.4055411015211767
1.4303864258590882
3.2523348057313566
3.2847607907229244
3.319189836521495
3.3840983274838194
3.414615777868015
3.3691704049759683
3.343957458624938
3.3195913458777837
3.2809811317336037
3.24869496079912
3.227028315792304
3.2018929902973023
3.192282686526876
3.1449157495869526
3.125902414052535
3.1184887796277714
3.0843190134799507
3.0537310343767157
3.0329415038363865
3.0303853102828207
3.0113503555539065
2.995059657930344
2.986998620877563
2.980896525321087
2.9706839222280146
2.966166999903545
2.9472438482535104
2.9425868443526597
2.9391249095261567
2.9292662996435133
2.932693649329331
2.928997187515567
2.9158416671801626
2.9229459206325985
2.90994656300424
2.9132493834059696
2.907512391016212
2.9021874580773206
2.908066681300636
2.907373523698505
2.9009873865732914
2.904945538614938
2.9039837725170496
2.9020511633328057
2.904612119742779
2.942885942327522
2.9834360834837854
3.0187161665553326
3.054601169254494
3.088763944494429
3.1143814024026004
3.1436856264227693
3.1733261878245678
3.212749430254997
3.242531336962755
3.2761111064999486
3.303575814096827
3.3357174335314883
3.3708715851499136
3.4017005775677323
3.430390090136481
3.4609116082418234
3.486954941160531
3.5153764474524496
3.537896831696408
3.5671675233318525
3.5925844340359134
3.6173672061755835
3.6438455366085853
3.6661292242027668
3.6903013726247718
3.709491179257163
3.7303185964258403
3.7482740090491014
3.766097954332062
3.7827656698102183
3.795398468691879
3.806243024930641
3.8224672247117004
3.83716886901404
3.84014870748357
3.8474812392904587
3.84791645041158
3.8611122487048863
3.8632201238815997
3.8644585622850767
3.865615572309814
3.850645774024669
3.852254447502481
3.85679559672892
3.8368357110301097
3.80611721095699
3.7898788595851256
3.7251360219748593
3.7104759076139975
3.6895437585434916
3.6307768793327337
3.5778504844835046
3.5427027036471608
3.4851441265876595
3.4174520899422287
3.3603671389364083
3.3130141304392007
3.2099679611708294
3.188260040356528
3.091786626050962
3.1017042482296016
3.1037418401373795
3.1051885342438683
3.1035409573968327
3.09118283142788
3.0940366342031647
3.0867691609427146
3.075619966954306
3.060704510658151
3.0593895746994524
3.0587776843091423
3.041786280514527
3.038234302476496
3.045026619473773
3.031678053261595
3.0356334858754437
3.0222143638669547
3.0101091300802274
2.6803080405752278
2.4442447268315766
2.0239318679048703
5.034959251451682
5.021849418241016
5.006381630507341
4.9915589980951625
4.977595056081258
4.934420016468249
4.903651627081913
4.871577056897378
4.837739056502113
4.80183564864264
4.778087060753828
4.750708900199491
4.698388774976722
4.672981356962694
4.604943092700255
4.542114814710007
4.5025577883413925
4.468314410622018
4.426949797313405
4.379412264750127
4.330536729479471
4.285251023957171
4.229342684661647
4.171710830988956
4.104059319279528
4.036868961610348
3.9916886739288566
3.9574821004207443
3.889965649074995
3.849305250303749
3.8004840054536086
3.722085880748959
3.635229294205025
3.5683054725749948
3.5008147379712047
3.3900457875650742
3.3584954334817305
3.272327983009181
3.233641652726896
3.211932001551432
3.1568336987624233
3.104268820120111
3.043544084803833
2.9692570753664995
2.914946509441828
2.814288241059255
2.765320470446798
2.6875400838402466
2.6114030244264357
2.5713138266587983
2.5665027668361975
2.5627902819444754
2.562823532697668
2.560725672884414
2.5503701467715088
2.544721454931292
2.536207738964691
2.53545523905879
2.5178749913053906
0.0
0.0
0.0
0.0
0.0
0.0
0.0
0.0
0.0
0.0
0.0
0.0
0.0
0.0
0.0
0.0
0.0
0.0
0.0
0.0
0.0
0.0
0.0
0.0
0.0
0.0
0.0
0.0
0.0
0.0
0.0
0.0
0.0
0.0
0.0
0.0
0.0
0.0
0.0
0.0
0.0
0.0
0.0
0.0
0.0
0.0
0.0
0.0
0.0
0.0
0.0
0.0
0.0
0.0
0.0
0.0
0.0
0.0
0.0
0.0
0.0
0.0
0.0
0.0
0.0
0.0
0.0
0.0
0.0
0.0
0.0
0.0
0.0
0.0
0.0
0.0
0.0
0.0
0.0
0.0
0.0
0.0
0.0
0.0
0.0
0.0
0.0
0.0
0.0
0.0
0.0
0.0
0.0
0.0
0.0
0.0
0.0
0.0
0.0
0.0
0.0
0.0
0.0
0.0
0.0
0.0
0.0
0.0
0.0
0.0
0.0
0.0
0.0
0.0
0.0
0.0
0.0
0.0
0.0
0.0
0.0
0.0
0.0
0.0
0.0
0.0
0.0
0.0
0.0
0.0
0.0
0.0
0.0
0.0
0.0
0.0
0.0
0.0
0.0
0.0
0.0
0.0
0.0
0.0
0.0
0.0
0.0
0.0
0.0
0.0
0.0
0.0
0.0
0.0
0.0
0.0
0.0
0.0
0.0
0.0
0.0
0.0
0.0
0.0
0.0
0.0
0.0
0.0
0.0
0.0
0.0
0.0
0.0
0.0
0.0
0.0
0.0
0.0
0.0
0.0
