0.0
0.0
0.0
0.0
0.0
0.0
0.0
0.0
0.0
0.0
0.0
0.0
0.0
0.0
0.0
0.0
0.0
0.0
0.0
0.0
0.0
0.0
0.0
0.0
0.0
0.0
0.0
0.0
0.0
0.0
0.0
0.0
0.0
0.0
0.0
0.0
0.0
0.0
0.0
0.0
0.0
0.0
0.0
0.0
0.0
0.0
0.0
0.0
0.0
0.0
0.0
0.0
0.0
0.0
0.0
0.0
0.0
0.0
0.0
0.0
0.0
0.0
0.0
0.0
0.0
0.0
0.0
0.0
0.0
0.0
0.0
0.0
0.0
0.0
0.0
0.0
1.801012951654856
1.7854477497443424
1.7815463016353168
1.776877991377355
1.7773226315809607
1.776006522441014
1.7720569956968717
1.7807654824336403
1.7540488212434637
1.743685850581442
1.7509802326159005
1.7500586675328054
1.7477064596126686
1.7398465669623184
1.7439114107028542
1.738279312562
1.71130130668536
1.706374586272961
1.6988109353949614
1.6861863460143434
1.678278739821529
1.6693157065351982
1.6562054776611863
1.6497934950777355
1.6364927204571647
1.6324946841841865
1.617249180770983
1.605620612160397
1.6006786849203167
1.5823067107732502
1.5657392763620026
1.5626817872692471
1.5415712586411663
1.5325408395201883
1.522668053792816
1.512465514105512
1.5022176416275608
1.4912766968494275
1.4850926416254253
1.471533699092707
1.4582819546906205
1.440594999365959
1.4316621417062152
1.4054024858653344
1.3981739255028427
1.3879059300073249
1.3548531557275447
1.3441442475536638
1.3279721233337194
1.3134449945994429
1.3064499087960229
1.288975863323787
1.278707803672069
1.2604080037947063
1.2527602119606316
1.2429859070577798
1.2274435661191194
1.2127067287467241
1.2002551929335925
1.1823011827329926
1.1703939443603553
1.1517487989698045
1.1420629710742543
1.127959796711851
1.1132404893433865
1.0952800933365772
1.0783622608555266
1.064020405266905
1.0494887582011305
1.0366643205269312
1.019654228326528
1.0064776015719579
0.9904147142609142
0.9741784943951947
0.9612205933684953
0.9465426594966527
0.934731209444521
0.9173304578620524
0.906344384078
0.89000801877075
0.8730106796093003
0.8628701330880204
0.8472202600431142
0.830545847284782
0.8172364118369578
0.8026666449467976
0.7900486129356092
0.7741785746871125
0.7628927775699346
0.7454641834495486
0.7342704870674396
0.7134793640784282
0.6987580347958859
0.6871529177010839
0.6740305056687258
0.6549378817184386
0.6454926306601226
0.6269438956876522
0.6138335195381145
0.5996879829139546
0.5873828236212068
0.5769168624726635
0.5635269330185816
0.5466264331792166
0.535753188840334
0.52768989194212
0.5150016188020692
0.501079304878235
0.4808769434081992
0.465866237267305
0.4547052649856475
0.44380003368378973
0.42950657457316915
0.416913458034626
0.40305753597612853
0.3893883730062774
0.37913562246076726
0.36648336365415324
0.3544221993249737
0.33977753183445286
0.3294022875164673
0.32056734619519683
0.30244675646131997
0.2900687592399289
0.27571385415523203
0.263455505984683
0.24921711450382775
0.23574160583959655
0.21837707789918745
0.21029929659262858
0.20071813119385448
0.18242643029987182
0.1690396030155343
0.16117981030815076
0.1480432105914483
0.1388662003898499
0.12763286665437143
0.11729512244749819
0.1065486323410927
0.08904780658951046
0.07784884223289582
0.06721430010368751
0.05429775991297599
0.042310768234108564
0.0321262433651367
0.02122384479879802
0.009297480186831046
-0.0036254058533272543
-0.011383966504828112
-0.02517990422911793
-0.035397324763478136
-0.046831635885529584
-0.05775659313866095
-0.06869051470703977
-0.0803550711120638
-0.09231702523393628
-0.10020713794853879
-0.11577031727886222
-0.12702500862537477
-0.13746503854758832
-0.14794680482030093
-0.15913721342514958
-0.16833693007741943
-0.17875932149533805
-0.18761239627233336
-0.19839278327094748
-0.20709570391362433
-0.21688836363843306
-0.2244289798862941
-0.23872181656113936
-0.2502783335370039
-0.2597322619707298
-0.26998198181266686
-0.27869182217534655
-0.2890225673613138
-0.30002160489392676
-0.3102180130118656
-0.31891249228029056
-0.3267544139415847
-0.33666854802939417
-0.3462031648132141
-0.3554291172800352
-0.36362842921586336
-0.3737336499026686
-0.38219731403157503
-0.38967588912019197
-0.4021212751811262
-0.41327914654948217
-0.42278540825335575
-0.43071309725577184
-0.4394916704851881
-0.4484378258968604
-0.45635177871230836
-0.4649636994849157
-0.47437906451066225
-0.48215163735143657
-0.491068306877304
-0.49994691400467395
-0.5109593813828863
-0.5190430629717299
-0.5274999460727458
-0.5380834867074266
-0.5469323650017579
-0.5525122594910569
-0.5597744939531712
-0.5719669137470017
-0.5796662705962822
-0.5879449958824854
-0.5965885199753137
-0.6026988087009435
-0.6116983269427037
-0.6211785045199941
-0.6296643657288312
-0.6375341934977118
-0.6464839140833477
-0.6528933884020689
-0.6614428985763782
-0.6695974908287368
-0.6785198149200795
-0.6851422721020335
-0.6933419885768883
-0.7002389611514265
-0.7088086248966954
-0.7167716748311045
-0.7233902367950319
-0.7353515243294817
-0.7416695587421938
-0.7488107374931816
-0.7551384786415576
-0.7613856192666015
-0.7700998172781491
-0.7779795386215657
-0.7889938717591432
-0.7950636915815662
-0.8035067282027023
-0.8102813314856693
-0.8163512885538604
-0.823214962277203
-0.8298019434992498
-0.8372291874196587
-0.844855520931
-0.8508614518712645
-0.8585617967885026
-0.8674283308991209
-0.8728899251104959
-0.8804681240777182
-0.8864723446825714
-0.8944580094838831
-0.9004956524434492
-0.9094151767198948
-0.9147188942517996
-0.9219491360922609
-0.9283303154837195
-0.9347726057388809
-0.9440633603735268
-0.9497639261324416
-0.956541772003567
-0.9624198202812043
-0.9693843361796948
-0.9761819555584075
-0.9812297949066532
-0.9875581931695409
-0.9958467988580066
-1.0033598738758747
-1.0086661206292948
-1.014448379975223
-1.0208365389698502
-1.0260697174035962
-1.032547596595765
-1.0399826602503432
-1.0460847535797162
-1.0511949282313597
-1.0566497146431757
-1.063729485533772
-1.0710820278795936
-1.07629471222671
-1.0825110978248478
-1.0877751221551069
-1.0925291969256552
-1.0993651187475546
-1.1055593415775375
-1.1119618856703617
-1.1174933683494959
-1.12344474532789
-1.1282750685596075
-1.1338456100485939
-1.1390748733139018
-1.1434236664242738
-1.1500850726634755
-1.1544018365871513
-1.161352019586912
-1.1656337244913828
-1.1703780067299707
-1.1768880366899015
-1.182087031994253
-1.1871153370568241
-1.1919004500836081
-1.1963924905577392
-1.2031687422317998
-1.2077308820683974
-1.2140666247432639
-1.2181902845348178
-1.2223079213540007
-1.227404707566823
-1.2339173320446164
-1.2383797465085604
-1.2442343275260426
-1.2495254310705781
-1.2548039080697377
-1.2592143393641095
-1.2637761741236098
-1.268589036267392
-1.2725475887530695
-1.2781870635586334
-1.2840406234322312
-1.2891212466493933
-1.2931960835633767
-1.2977070340878094
-1.301872048831307
-1.3064388342454347
-1.31027762344858
-1.314704944452722
-1.3190411648148948
-1.324104653362474
-1.3284841026230176
-1.3325260929442757
-1.3366107477347535
-1.3412891274360306
-1.3459258383354766
-1.3502817534249343
-1.354670594987493
-1.3590290003089707
-1.3630522540877354
-1.367086508515752
-1.371366557274031
-1.3756516875011402
-1.379548604285005
-1.3834074265034597
-1.387719903283957
-1.39197337684966
-1.3955215054087617
-1.4003017207077169
-1.404192689104377
-1.4081060967858543
-1.4123967855553605
-1.416190129406851
-1.4204181160416123
-1.4242802405857728
-1.4283098687752753
-1.4319808614695833
-1.435661692843106
-1.439344457279544
-1.4427285983310176
-1.4464513060241988
-1.4504436121006903
-1.454901053214655
-1.4583467110261663
-1.4618131324899124
-1.4654314471495924
-1.4688675002412608
-1.4722953614280605
-1.4755562628922023
-1.4791989946387365
-1.4828037912382275
-1.486120088211144
-1.4895632197186097
-1.4929593636560488
-1.4962787519181895
-1.4995869775202624
-1.4685918946364083
-1.4730357825332592
-1.4772710866818053
-1.481643138007913
-1.4849909675675947
-1.4893948475111594
-1.4931644879945865
-1.4973708652968907
-1.501450822345843
-1.506637466484805
-1.5099066740534064
-1.5140649736456029
-1.5181085651687147
-1.5215360216642333
-1.525290980466682
-1.529057763054612
-1.5328238315069322
-1.5360164436700234
-1.5401280631587557
-1.5432984171460615
-1.5466839892564488
-1.550334747423063
-1.553686577369167
-1.5574204194851387
-1.5611745889668085
-1.5644799360341892
-1.567760669727604
-1.5711597213819435
-1.5747227850556276
-1.578136796451521
-1.5813814944043902
-1.5847890041067885
-1.588001903685197
-1.5915434029822135
-1.594849246139375
-1.5981393106593733
-1.6015590562025295
-1.605157985873001
-1.6081152449725031
-1.6115655814690832
-1.6149978149024453
-1.6179126991756667
-1.6209313502924838
-1.6241533546225204
-1.6270385857834206
-1.6304495751358148
-1.6333075933092156
-1.6364441138144017
-1.6395217280115888
-1.6424547175716862
-1.6453516089142561
-1.6481881851177507
-1.651139782821155
-1.6539787309977219
-1.6568918603152794
-1.6596470530975471
-1.6624072905290381
-1.6651544443268174
-1.6679532870612241
-1.6706698660970427
-1.6733898028022465
-1.6761141312530503
-1.6787996565775831
-1.6814749802603228
-1.6841442548278203
-1.6867257965655515
-1.6893780290320397
-1.6919821892313847
-1.6945592615357468
-1.6971295418043724
-1.6996497457681878
-1.702170761530854
-1.7046833596764008
-1.7072614728833846
-1.7097148918513487
-1.7122747374756206
-1.7148285359213098
-1.7171652889244746
-1.7195585047718993
-1.7218965523368681
-1.724322333262041
-1.7266745773550531
-1.729063730691046
-1.731482044971382
-1.733645423929826
-1.7360324720423608
-1.7384819803837852
-1.7406914822930244
-1.7427567694679202
-1.7448488218320415
-1.7471702946937973
-1.7494372668260327
-1.751681383787255
-1.753875403152367
-1.7560849728599326
-1.7581927587281554
-1.7602990312968012
-1.7626422210705763
-1.7646271221509233
-1.766665645880568
-1.7686536738836096
-1.7708195056691463
-1.7729065603082748
-1.7748391236606509
-1.7764757328872647
-1.7784779496469547
-1.7807345922829578
-1.7828480077086384
-1.7849726608227656
-1.7870270151969123
-1.7887440502578598
-1.7907387698217287
-1.7927228317626025
-1.794357284211164
-1.7962317869920301
-1.7982738673451848
-1.8001384357979706
-1.8020152403916059
-1.803937904647852
-1.8058803062672728
-1.8076885710671164
-1.8094748818406745
-1.8111055463437495
-1.8132199376038143
-1.8149079637048098
-1.8167845170104358
-1.8186682628624282
-1.8202317879482357
-1.8215264486481704
-1.823311085507125
-1.82527720871602
-1.8268120652029776
-1.8281614791163137
-1.830195076158328
-1.831706644236851
-1.8331529939288973
-1.8346770904441314
-1.8363030121906883
-1.8379739061792666
-1.8393179709640004
-1.8412964713459519
-1.84279112458209
-1.844336986448746
-1.8456124350883691
-1.8473716593371126
-1.849313537231025
-1.8510549487648091
-1.8516720909150095
-1.8532073954067798
-1.8549085313513194
-1.8568138559909488
-1.9958804185523715
-1.995244984520447
-1.9935791058120054
-1.9946119775485878
-1.9920740270075623
-1.993325446046658
-1.9948330827800678
-1.9960189053958841
-1.998073285210993
-2.000121710321606
-2.000538429026109
-2.000484157238538
-2.001502902307648
-2.0028900796756983
-2.003005412921986
-2.003793656275023
-2.005105719236727
-2.006020629462939
-2.004401760179777
-2.0030655058742055
-2.0015267887015686
-2.002122211239026
-2.002881859646274
-2.0033479974754576
-2.0043874833191757
-2.004873932224816
-2.0049096327525855
-2.0059230098040373
-2.0065456535231103
-2.007175957210526
-2.0074020674362596
-2.008188318003534
-2.008267020364597
-2.0098415451813127
-2.0098594285988876
-2.0114454849596175
-2.0130256261034383
-2.013125688378851
-2.0146639523394185
-2.0155484560521906
-2.016651841154287
-2.017676759541899
-2.018762409279554
-2.019253858045059
-2.0187955628895558
-2.0195810401295073
-2.0210171423732395
-2.0217159599672025
-2.022827892682147
-2.024236530412715
-2.0248692592896305
-2.025442843840857
-2.0257015255955517
-2.026448079208578
-2.0277934476583974
-2.0291328863730063
-2.0293913895492253
-2.030705872120077
-2.031858231909938
-2.0326105467207194
-2.0335405608429373
-2.03405584766838
-2.0351330801136203
-2.0358620092452466
-2.03681898162651
-2.037880348662265
-2.038712247354941
-2.039477456134576
-2.0405732506493237
-2.041272073944121
-2.041897432417607
-2.0426089533739904
-2.04327555904051
-2.044433726966041
-2.04487365902096
-2.0446403012788887
-2.045769051782998
-2.0468803337831605
-2.0464466981626064
-2.0469211945064574
-2.0474348835184495
-2.048360079617873
-2.048692743242534
-2.048930796873266
-2.0490855564750596
-2.0496079987557105
-2.0497925435956086
-2.050825749229298
-2.050703544789549
-2.05072457722397
-2.0497946851591786
-2.0503723156452964
-2.050971561495557
-2.0509776577455727
-2.0488838705277375
-2.0498504730880596
-2.0491453329123193
-2.0495741711972326
-2.050519220068107
-2.050964777804323
-2.0515472804500066
-2.049679509371221
-2.0501100893409308
-2.050511794298377
-2.0505666841696386
-2.049787670234476
-2.048950188847703
-2.0486819906237073
-2.0491045417722034
-2.048336046611717
-2.0491932395114976
-2.048532963575361
-2.049376694693622
-2.0496177314745396
-2.0497428203965242
-2.049595407845377
-2.049992776162727
-2.050163406762791
-2.050970883368394
-2.050601282688981
-2.050509170214551
-2.050441736475491
-2.0504103539882226
-2.0509293323608406
-2.0512345256974576
-2.0514577638523823
-2.0518282358419317
-2.0517794331159163
-2.0513597832516206
-2.051099318764592
-2.0513791663926058
-2.0517051096686236
-2.052116355623983
-2.0519454275995956
-2.0519920931612305
-2.0527055903936238
-2.053149787129797
-2.0535107361322287
-2.053890129289108
-2.054471295851423
-2.0551601932640153
-2.055546566799268
-2.0558398494808823
-2.0557971213093515
-2.0557044511351057
-2.0563692711122066
-2.05702815969234
-2.0560696442309125
-2.0559793742095342
-2.056629548144875
-2.0561982421050398
-2.0565914121177338
-2.056593299966365
-2.056739793109069
-2.0573687246574432
-2.0577264203271532
-2.0576406366375735
-2.057028396430349
-2.0572792799960213
-2.057525502266328
-2.057439004056019
-2.0579439758003346
-2.057859943814021
-2.0581253228568386
-2.058625014288537
-2.059211164611611
-2.0595843372453806
-2.059882290606112
-2.0600110439611226
-2.0600895765065648
-2.0606574035964864
-2.0607262586853543
-2.061081964709156
-2.061424200007076
-2.0617334049967146
-2.062003494445097
-2.062150227586064
-2.061525819048703
-2.0620679975503005
-2.062352739681988
-2.0620376963370886
-2.062352553633303
-2.062295046936492
-2.0624226690734986
-2.0620146099965186
-2.0620209233139577
-2.061746752220492
-2.0615629527728596
-2.0618870319042126
-2.0620359797108363
-2.0618210272617836
-2.0620329436793385
-2.061770379637023
-2.0620714657727697
-2.062032492425165
-2.0616041478750766
-2.06210313742796
-2.0623090377923186
-2.0623420346646433
-2.0621867156664893
-2.0620899411272156
-2.062293671839117
-2.062001060079011
-2.062014230308083
-2.06220190501875
-2.062389257789919
-2.0623508314954253
-2.0623697726798937
-2.062562383071617
-2.062841809574062
-2.0632990989410764
-2.0630628063776686
-2.0633066565589218
-2.063760339986556
-2.0637729121602546
-2.0642244087327275
-2.0639868448962138
-2.063382289561347
-2.0638370018712684
-2.0640097687930425
-2.0635619530794735
-2.064009692294871
-2.0644514968487466
-2.0645831048631993
-2.0638808331467957
-2.0638317695173827
-2.0640985261488023
-2.064342567959918
-2.0639896989462803
-2.0637459636067206
-2.063722156190312
-2.0641503590370602
-2.0638223028423885
-2.064245977073724
-2.063843531956585
-2.064122129114507
-2.064539534786637
-2.064464456522028
-2.06486091829945
-2.0649670750374445
-2.065327399253438
-2.065199251307313
-2.0656083823270723
-2.0653981908598666
-2.0657020877549552
-2.065373703360462
-2.0657799461886617
-2.0654191998220828
-2.0655976377274876
-2.0653823327561422
-2.0656282732015394
-2.0658114747892897
-2.065615438032201
-2.065699951221886
-2.065856842826153
-2.0662503709915985
-2.0662385200363738
-2.0655136141006563
-2.0656461231091603
-2.0656383795570847
-2.0651397355537826
-2.0652437828835892
-2.065488800714064
-2.065437631581468
-2.065831816765145
-2.065991730951137
-2.0659964046386463
-2.0658719238057803
-2.0662634949541414
-2.0666491364047865
-2.0667315133815483
-2.0668286017349273
-2.0666328830365797
-2.0669380610366876
-2.0672403440765783
-2.0669217154951927
-2.067312166339612
-2.0674849710718144
-2.0673980452668297
-2.067646030077574
-2.067680156727137
-2.0677702360659307
-2.0681481575731944
-2.0679073331163966
-2.0681350950588113
-2.067993685649713
-2.067273060341035
-2.067650941834758
-2.068022894926732
-2.067507409499111
-2.0677021356259284
-2.0673724394776385
-2.067744674187343
-2.0675720265002133
-2.067701302843131
-2.0678307905982254
-2.0674787888383057
-2.0673154362058974
-2.0676895064181595
-2.0680576512333992
-2.0681819003345896
-2.068286435753099
-2.06836177604023
-2.068422151640277
-2.0687818790575903
-2.0688986104979077
-2.0692516205979987
-2.0690890203111327
-2.069190059821234
-2.068711226931789
-2.068712829200711
-2.068698275778522
-2.0690016562214733
-2.069237217118868
-2.069528551584264
-2.069811978438518
-2.0695486151187423
-2.0698264513136166
-2.0699106785627
-2.0702628775352507
-2.0704613122373834
-2.070085654589427
-2.069392872548844
-2.069119500300762
-2.069332198981946
-2.069474372642979
-2.069448740273552
-2.0695536044968805
-2.0699062505612322
-2.0695008877093195
-2.069594562957448
-2.0696567257498475
-2.070004287857622
-2.0703459312446246
-2.0702086481369233
-2.068605045416089
-2.068963177237701
-2.0689462450148963
-2.069297920294318
-2.0694553804964926
-2.069527992221838
-2.0693684148188733
-2.069463720077157
-2.0693143701417
-2.0694428504594797
-2.0697841042912604
-2.069892606953232
-2.0696865908225663
-2.0691960841117987
-2.069156171671875
-2.0693230236475055
-2.0692091563675143
-2.0690691254609113
-2.068757739690915
-2.0684264023436243
-2.068295373750922
-2.068639387999551
-2.068136004175486
-2.067927669586729
-2.068272970996027
-2.068612369174379
-2.068408995059324
-2.068342394372938
-2.068276898188511
-2.0679479372707497
-2.068285397820096
-2.068215109294613
-2.068210736912979
-2.0683932303323704
-2.0762754523168567
-2.076898265103328
-2.0775783182119785
-2.0783323840466124
-2.0791989981545296
-2.0798268842835053
-2.080610181358842
-2.0814143031561803
-2.0821209368671627
-2.082884652338558
-2.0837436313555093
-2.0844364913565787
-2.0852906345652817
-2.085968479216226
-2.086796439103605
-2.0876798862621238
-2.0884794288840807
-2.0892412314543662
-2.090088292032244
-2.0910948895961345
-2.0919533481660566
-2.0926682385447193
-2.0935712242738047
-2.094406867185046
-2.095284142896753
-2.0961732880749255
-2.0971569606585128
-2.0981254090483032
-2.0990653637219716
-2.099934993007171
-2.100974464448282
-2.1019263571414237
-2.1027286676138277
-2.103869848052091
-2.104795535250077
-2.105755383835697
-2.1067551339152626
-2.1077240332429197
-2.108763862748184
-2.1098021802725073
-2.110763242021475
-2.1117808380371326
-2.112387230201591
-2.11214461880569
-2.111948982474359
-2.1117071358319186
-2.111612795664025
-2.111551860603298
-2.1113458407860786
-2.1112750462816314
-2.111014153422682
-2.0775535998378176
-2.0777761790792426
-2.0776133497455973
-2.077444542109952
-2.077281572778279
-2.07748584386376
-2.0773353062884437
-2.0770908325280595
-2.076946123184787
-2.0767924145222625
-2.0770533050065723
-2.0768705842676765
-2.076937365217317
-2.0769917953081003
-2.0772279189744633
-2.076988494668291
-2.07686704291533
-2.0766859672156786
-2.0765102046148614
-2.0767644196330606
-2.0766070959309784
-2.0763570014171346
-2.0761647434773214
-2.0760427711870495
-2.075996253910605
-2.0758757744287233
-2.075999782500729
-2.0760757412325455
-2.076204929471602
-2.076229074080331
-2.076030260545086
-2.075869612405935
-2.0758887344517465
-2.075916092583745
-2.0756535063442225
-2.075464770086337
-2.0752856017553483
-2.0751205181615817
-2.0755396834977327
-2.075766447853092
-2.075867706160748
-2.0757181756858865
-2.0755147710499195
-2.0753667969317364
-2.0752168320687048
-2.0754858181607005
-2.0755006055704204
-2.0752936308933716
-2.0750880945245287
-2.0749953185724683
-2.0749609262251223
-2.075024332710281
-2.0749998158279697
-2.075000674626653
-2.0748564973236405
-2.0746216181263395
-2.0747182945009954
-2.0747811160084737
-2.074728613543423
-2.0746488166517527
-2.074580140699726
-2.0747168082636556
-2.0745579653026596
-2.0747097158586754
-2.0744850305208695
-2.0746148065721455
-2.0747307861327533
-2.0747719862642318
-2.0747081118715682
-2.0746730180243755
-2.074620923448382
-2.074465954166899
-2.0743043423638996
-2.074398225836061
-2.0746287795453826
-2.0744361882823252
-2.0742984370223536
-2.0744330754507336
-2.0745331535383347
-2.0742807773304395
-2.0741924082948295
-2.0748419533425584
-2.075152581954423
-2.0762636652921866
-2.0764302363483513
-2.0766811499810673
-2.077464174884802
-2.0790088446739334
-2.079897105329685
-2.080998882163247
-2.0811490159947965
-2.0815869126888553
-2.0824391375500153
-2.082857329486578
-2.0839469756150106
-2.084385257125039
-2.084482923267751
-2.085306827349426
-2.085713280357353
-2.0860658351865062
-2.0872099599433787
-2.0875630379814374
-2.088365973366509
-2.089023732837665
-2.0904206803851815
-2.091056792906745
-2.092076630302037
-2.0929351353292334
-2.0932144859166595
-2.0934891265460034
-2.0945068262435713
-2.0956605827719494
-2.0962283561126553
-2.097052797992481
-2.097747857040637
-2.0993799541578735
-2.100365457396653
-2.101510416455419
-2.102374697958486
-2.102775149380641
-2.10379567460023
-2.1040089071945207
-2.1048248920717096
-2.1053009818450548
-2.1067592302129596
-2.107630884349323
-2.1087970724172878
-2.1097241393592165
-2.110618535742258
-2.110423938619207
-2.1102566550520456
-2.1102071901081656
-2.1099895159014728
-2.110302064079693
-2.1102512396599042
-2.1102529073538263
-2.110472414382981
-2.110444935620381
-2.1102350561476655
-2.11071414616721
-2.1108876242719865
-2.110411831027206
-2.11086421419051
-2.111420954433692
-2.1110757467231513
-2.11131042423309
-2.111320245780744
-2.1114857400116653
-2.111353264410933
-2.111128118148687
-2.1102418604833417
-2.1099227906601423
-2.1096568751923055
-2.108955302099354
-2.108656051325735
-2.1080264390935923
-2.1074902763376406
-2.106842711959275
-2.106110867532477
-2.10565853803576
-2.1049059590051176
-2.104385279125992
-2.104240293073385
-2.103745706105679
-2.1037355001258056
-2.10291833069437
-2.1022933146062925
-2.101742833845271
-2.1013244156651636
-2.101090164992809
-2.060089935203143
-2.0599000540778434
-2.0597985819184395
-2.0595118414710196
-2.059313167159068
-2.0590297032517646
-2.0589420799746434
-2.0590466792400415
-2.058843393386362
-2.058638154927771
-2.058836537619706
-2.058624802149088
-2.0583353252087195
-2.086713673940109
-2.0860668172341064
-2.085488924160906
-2.0859698076914004
-2.085215074869838
-2.08368380715277
-2.0823080677757027
-2.0810112121680606
-2.079626277376804
-2.078325488105214
-2.077016011870344
-2.0758194466313946
-2.0747762697150267
-2.073495414329493
-2.072405061677224
-2.071318938756877
-2.070193918370501
-2.0692023158910193
-2.0683539088626923
-2.0673195058551546
-2.066368786188854
-2.0655486003927352
-2.0645964077251833
-2.0637106067142597
-2.062938098022346
-2.061938044293524
-2.0611375485252696
-2.060360687795599
-2.0596521766277744
-2.0587596497562544
-2.0580678233770024
-2.0571758631171964
-2.0564408479870235
-2.0556682351397555
-2.054989674524491
-2.0543379330364164
-2.0536734425651564
-2.052810943141529
-2.0522739652922173
-2.051566294135846
-2.050707784296086
-2.0501460501159543
-2.049455016456668
-2.0487579388401924
-2.047950397022144
-2.0476852342365817
-2.0474484633481227
-2.04707109420878
-2.0467039185699
-2.04628004334553
-2.0456147028169864
-2.04504183403348
-2.0444719066762587
-2.0441485458215456
-2.043573492589077
-2.0430823337096213
-2.042424313228574
-2.0418798929529935
-2.041403831000803
-2.040806592067449
-2.0401482723403
-2.039526234400572
-2.0387871934032225
-2.0380978675584496
-2.0372572856003255
-2.0365724131999228
-2.0357868270332653
-2.034978669383929
-2.034203003324382
-2.033320582563043
-2.032475625052394
-2.031505065072384
-2.030568599875864
-2.0295548193597277
-2.028533036194597
-2.027477416680159
-2.026316787826243
-2.0251083245340027
-2.024026962423015
-2.0229038093933873
-2.021493857347568
-2.020186234423927
-2.018706668898269
-2.017530133670512
-2.0160845766936593
-2.014623809294493
-2.01314664112828
-2.011310040515594
-2.0098377179632223
-2.0084374981700557
-2.006465027307915
-2.0042432673487705
-2.002363208667662
-1.9993739887684747
-1.99754064719575
-1.9955519746344463
-1.9927236372158434
-1.9900223517440894
-1.987705212205889
-1.9849224478947451
-1.9818916550725838
-1.9790900088895438
-1.9765555574792426
-1.972794387318786
-1.9707785634285477
-1.965798874414489
-1.9626000361393827
-1.9592038605811268
-1.9561052883345107
-1.9525563477075418
-1.9480331228085803
-1.9416187318494884
-1.9363402590411383
-1.9297813648318303
-1.921589173790904
-1.9147131197764655
-1.9107227282538544
-1.9038185913307444
-1.896608266795506
-1.8898499844845482
-1.885032530741413
-1.8769576254759102
-1.8699628810621287
-1.8581241772104902
-1.8455699034230713
-1.8384623450054762
-1.8277809078322587
-1.9743395036722355
-1.9723702822565365
-1.970339193188445
-1.9683226881983082
-1.9663312677870828
-1.9637447533187637
-1.9613957051216824
-1.9590360993346378
-1.9566211119531847
-1.9541707660559475
-1.9519590800607898
-1.9496606064483926
-1.946888598324988
-1.9446334084006138
-1.94155234185563
-1.9385767534531786
-1.9360310261733438
-1.9335950673287146
-1.931017831920411
-1.9283172318251969
-1.9255868124669169
-1.92292039276335
-1.9200503867940226
-1.9171582128676723
-1.9140666765238254
-1.9109816238250823
-1.90830743572778
-1.9058203296943266
-1.9027184442706115
-1.9001097221202088
-1.897350576850543
-1.8940445822619303
-1.8905898033631332
-1.8874878170866691
-1.8843830995359467
-1.8805022479261604
-1.87803150794327
-1.8745958803106642
-1.8719955034911506
-1.8696880316168218
-1.866787301372097
-1.8639255564612833
-1.860922326717581
-1.8576609378847235
-1.8547561274054953
-1.8510358581898914
-1.848208242766238
-1.8448839987970622
-1.8415800939193812
-1.8382799958189118
-1.8331083755364899
-1.826655026144788
-1.822072753184983
-1.8174058491921004
-1.8087342920991056
-1.8019568484794806
-1.7963518869667507
-1.7901708622431727
-1.779691586072514
-1.6433987400572934
-1.6404657529078128
-1.6374819934907203
-1.6345457685184621
-1.6315803569486347
-1.6285534634601533
-1.6255512503846874
-1.6225561891875508
-1.6194754054489395
-1.6164376502555533
-1.6133795196599163
-1.6102794314550308
-1.6071464726375664
-1.6040317272613185
-1.6008960716723233
-1.5978456604019804
-1.5946876406943713
-1.5915378885191322
-1.5884681231809468
-1.585343208229505
-1.5821848887186958
-1.5790600788783473
-1.5758478923686714
-1.5726689693542448
-1.5695918431093097
-1.566350450643952
-1.5632832167606194
-1.5601300793002522
-1.5570065746388826
-1.5537992580946138
-1.5507193031219475
-1.5475556512478537
-1.5444064704229525
-1.5413870661670355
-1.538366385491604
-1.5352110323874923
-1.5321912977455996
-1.5293013988554007
-1.5265603001192192
-1.523723478195104
-1.5211695617276781
-1.5179396680390502
-1.5150117229336397
-1.5127569767397433
-1.5101187481613838
-1.507975655013805
-1.5051531058468808
-1.502449077682589
-1.500417724803576
-1.497554383995217
-1.4956259592500647
-1.6575001091904336
-1.65483158783295
-1.6520981739248597
-1.6494264343502063
-1.646705381082278
-1.6438010011267483
-1.6410171644583058
-1.6383348874565016
-1.6355682821453297
-1.6328674035085924
-1.6299356738920354
-1.6271343822421875
-1.62421091739968
-1.6213950299573792
-1.618737268036347
-1.6163128884221756
-1.6135214788751944
-1.6109500726728763
-1.6084181839815817
-1.6058716494539076
-1.6034755611928901
-1.6009729031628592
-1.5985937807898587
-1.5962371310281085
-1.5940672635090056
-1.5918431151418129
-1.589488577300474
-1.5861460087560273
-1.585187752217736
-1.5808140584370578
-1.578675054353084
-1.5753417379892418
-1.572053413419931
-1.5687098755793842
-1.5655479173143754
-1.5634513695257701
-1.5601857667277157
-1.5569989415961185
-1.5538505105310756
-1.5490995012223292
-1.5472199969388327
-1.5426766449900597
-1.539690047080785
-1.5396503027573503
-1.5364737987870563
-1.533410387084076
-1.530702884487408
-1.5274037947309378
-1.5228871325341045
-1.519946249893038
-1.51658859116004
-1.5135410697965002
-1.5092916047441152
-1.5058866424767148
-1.5037458166931563
-1.4986382207886892
-1.4949008404455877
-1.49140403795076
-1.4864936521840824
-1.4819263027890937
-1.4766313483062194
-1.4716709524156113
-1.4663345972645063
-1.461003480736031
-1.4556321042765492
-1.4502203131542393
-1.4451447576405962
-1.4399930481289331
-1.4347668777035139
-1.4282845424829045
-1.4231004468504036
-1.4178406626931546
-1.412688563342824
-1.4074599322671053
-1.4025820351240725
-1.3976340734881065
-1.3927636791514282
-1.388828952796067
-1.3837565819944244
-1.3788527898279797
-1.3743814769533167
-1.3688371156586967
-1.3633921163769642
-1.3566640012306288
-1.351066519376645
-1.3454851273626778
-1.3384199588432057
-1.332517925658287
-1.324648165152877
-1.3185839728765754
-1.31153334514054
-1.3058715495498767
-1.2966523156572025
-1.2876038690127423
-1.282248814807236
-1.2741291761969689
-1.2658420898513107
-1.257743998328699
-1.2490292257080076
-1.240551278853548
-1.2303635318504202
-1.2192136599043768
-1.2054738224446035
-1.1921959178324626
-1.1782325305339836
-1.1674003384209075
-1.151549969355427
-1.1414801751862542
-1.112254317225621
-1.091505993669373
-1.0717202236274839
-1.04224464486168
-1.0097530570980373
-0.9937860721167711
-0.9718151609630357
-0.9483514363570504
-0.8989981397020793
-0.8399515584087645
-0.7953296784016024
0.0
0.0
0.0
0.0
0.0
0.0
0.0
0.0
0.0
0.0
