0.0
0.0
0.0
0.0
0.0
0.0
0.0
0.0
0.0
0.0
0.0
0.0
0.0
0.0
0.0
0.0
0.0
0.0
0.0
0.0
0.0
0.0
0.0
0.0
0.0
0.0
0.0
0.0
0.0
0.0
0.0
0.0
0.0
0.0
0.0
0.0
0.0
0.0
0.0
0.0
0.0
0.0
0.0
0.0
0.0
0.0
0.0
0.0
0.0
0.0
0.0
0.0
0.0
0.0
0.0
0.0
0.0
0.0
0.0
0.0
0.0
0.0
0.0
0.0
0.0
0.0
0.0
0.0
0.0
0.0
0.0
0.0
0.0
0.0
0.0
0.0
0.0
0.0
0.0
0.0
0.0
0.0
0.0
0.0
0.0
0.0
0.0
0.0
0.0
0.0
0.0
0.0
0.0
0.0
0.0
0.0
0.0
0.0
0.0
0.0
0.0
0.0
0.0
0.0
0.0
0.0
0.0
0.0
0.0
0.0
0.0
0.0
0.0
0.0
0.0
0.0
0.0
0.0
0.0
0.0
0.0
0.0
0.0
0.0
0.0
0.0
0.0
0.0
0.0
0.0
0.0
0.0
0.0
0.0
0.0
0.0
0.0
0.0
0.0
0.0
0.0
0.0
0.0
0.0
0.0
0.0
0.0
0.0
0.0
0.0
0.0
0.0
0.0
0.0
0.0
0.0
0.0
0.0
0.0
0.0
0.0
0.0
0.0
0.0
0.0
0.0
0.0
0.0
0.0
0.0
0.0
0.0
0.0
0.0
0.0
0.0
0.0
0.0
0.0
0.0
0.0
0.0
0.0
0.0
0.0
0.0
0.0
0.0
0.0
0.0
0.0
0.0
0.0
0.0
0.0
0.0
0.0
0.0
0.0
0.0
0.0
0.0
0.0
0.0
0.0
0.0
0.0
0.0
0.0
0.0
0.0
0.0
0.0
0.0
0.0
0.0
0.0
0.0
0.0
0.0
0.0
0.0
0.0
0.0
0.0
0.0
0.0
0.0
0.0
0.0
0.0
0.0
0.0
0.0
0.0
0.0
0.0
0.0
0.0
0.0
0.0
0.0
0.0
0.0
0.0
0.0
0.0
0.0
0.0
0.0
0.0
0.0
0.0
0.0
0.0
0.0
0.0
0.0
0.0
0.0
0.0
0.0
0.0
0.0
0.0
0.0
0.0
0.0
0.0
0.0
0.0
0.0
0.0
0.0
0.0
0.0
0.0
0.0
0.0
0.0
0.0
0.0
0.0
0.0
0.0
0.0
0.0
0.0
0.0
0.0
0.0
0.0
0.0
0.0
0.0
0.0
0.0
0.0
0.0
0.0
0.0
0.0
0.0
0.0
0.0
0.0
0.0
0.0
0.0
0.0
0.0
0.0
0.0
0.0
0.0
0.0
0.0
0.0
0.0
0.0
0.0
0.0
0.0
0.0
0.0
0.0
0.0
0.0
0.0
0.0
0.0
0.0
0.0
0.0
0.0
0.0
0.0
0.0
0.0
0.0
0.0
0.0
0.0
0.0
0.0
0.0
0.0
0.0
0.0
0.0
0.0
0.0
0.0
0.0
0.0
0.0
0.0
0.0
0.0
0.0
0.0
0.0
0.0
0.0
0.0
0.0
0.0
0.0
0.0
0.0
0.0
0.0
0.0
0.0
0.0
0.0
0.0
0.0
0.0
0.0
0.0
0.0
0.0
0.0
0.0
0.0
0.0
0.0
0.0
0.0
0.0
0.0
0.0
0.0
0.0
0.0
0.0
0.0
0.0
0.0
0.0
0.0
0.0
0.0
0.0
0.0
0.0
0.0
0.0
0.0
0.0
0.0
0.0
0.0
0.0
0.0
0.0
0.0
0.0
0.0
0.0
0.0
0.0
0.0
0.0
0.0
0.0
0.0
0.0
0.0
0.0
0.0
0.0
0.0
0.0
0.0
0.0
0.0
0.0
0.0
0.0
0.0
0.0
0.0
0.0
0.0
0.0
0.0
0.0
0.0
0.0
0.0
0.0
0.0
0.0
0.0
0.0
0.0
0.0
0.0
0.0
0.0
0.0
0.0
0.0
0.0
0.0
0.0
0.0
0.0
0.0
0.0
0.0
0.0
0.0
0.0
0.0
0.0
0.0
0.0
0.0
0.0
0.0
0.0
0.0
0.0
0.0
0.0
0.0
0.0
0.0
0.0
0.0
0.0
0.0
0.0
0.0
0.0
0.0
0.0
0.0
0.0
0.0
0.0
0.0
0.0
0.0
0.0
0.0
0.0
0.0
0.0
0.0
0.0
0.0
0.0
0.0
0.0
0.0
0.0
0.0
0.0
0.0
0.0
0.0
0.0
0.0
0.0
0.0
0.0
0.0
0.0
0.0
0.0
0.0
0.0
0.0
0.0
0.0
0.0
0.0
0.0
0.0
0.0
0.0
0.0
0.0
0.0
0.0
0.0
0.0
0.0
0.0
0.0
0.0
0.0
0.0
0.0
0.0
0.0
0.0
0.0
0.0
0.0
0.0
0.0
0.0
0.0
0.0
0.0
0.0
0.0
0.0
0.0
0.0
0.0
0.0
0.0
0.0
0.0
0.0
0.0
0.0
0.0
0.0
0.0
0.0
0.0
0.0
0.0
0.0
0.0
0.0
0.0
0.0
0.0
8.513469802589464
8.354229979086812
8.131168355965004
8.077474028979491
7.804037470054687
7.76740116679497
7.747528894029517
7.708266453588626
7.721005067536069
7.733750124625477
7.6465645488088105
7.5351693943186095
7.489978399713556
7.466198219704623
7.366407203374386
7.305550898239707
7.278722492429747
7.229859937832101
7.027100339091467
6.844070919812915
6.650095496064607
6.583276222246627
6.528771592513535
6.458552644203739
6.417617251614584
6.347698532203836
6.2543817688032535
6.216108176018283
6.156045243995795
6.096590819450658
6.017424369439052
5.968680185349585
5.883460069099497
5.877334817909238
5.790042375005515
5.785300806911338
5.780567928988994
5.699030543328169
5.692687528569309
5.652904358122955
5.625076642867152
5.591621509508218
5.563622153935293
5.502078967461886
5.391365620357683
5.348357983463884
5.33918332118768
5.292548748800063
5.266823642821888
5.257175067501116
5.209901934785008
5.158796246550062
5.0935151787987945
5.052867857631887
5.04157688377562
5.030293810082039
4.966933031336897
4.955020411578937
4.935153256534076
4.8965761270776405
4.866869190684523
4.817420796585133
4.795935481082974
4.75764348979294
4.730161166076809
4.708851839109136
4.675939453600697
4.640590433185051
4.621734835156429
4.583991854204458
4.54326127639433
4.508331589239765
4.469786332900987
4.455069920058033
4.406423239855711
4.327806669215789
4.312577186409929
4.296865239631965
4.209683967813511
4.165044425374081
4.1225717624495
4.100070286794633
4.050170444090254
3.997156626377449
3.939964347157228
3.9022689479194343
3.8496978779244775
3.833230308235327
3.7673536865073847
3.708393443350064
3.6070319339707098
3.573696080157566
3.541497288374241
3.482527751556621
3.340033074560829
3.3228314154947225
3.2377644820731533
3.2005630210784686
3.1832356114154354
3.1471790099723678
3.11661249310853
2.987944532183898
2.9522948128579665
2.915819646984537
2.8667374466713715
2.7815450176158585
2.69442174957051
2.63537226122585
2.601464598157942
2.5211436773515947
2.503271602766976
2.4304489265198828
2.412535465485781
2.3738409822653668
2.3306710791328675
2.2799223183307897
2.2460443206213228
2.2039581585081525
2.186074908318719
2.1294934482740637
2.0805315715761528
2.0312967538363966
1.9836902246049373
1.9564751725183414
1.9236841599226218
1.8872697006128807
1.8571798588210136
1.8127064740622858
1.7585048628124968
1.7059371678095856
1.6723862893313806
1.6422914771487302
1.6138498357515434
1.5674237189183478
1.5291854950453387
1.5116668379597737
1.4854729841296264
1.45676549067782
1.430111293946347
1.4091027694196785
1.3917843777237815
1.3659984408316521
1.3377876201960073
1.2997233394962675
1.2612027089452107
1.2440888982249738
1.226982749702381
1.161752196514456
1.1232817859330035
1.1064735420385154
1.0580157261385834
1.0347594680302792
0.9999615189916001
0.9706860226182227
0.9541551370535671
0.9307296494044306
0.8936656465127891
0.842445005010066
0.8156991404700877
0.789058877870479
0.753804090439264
0.7353830498193368
0.7005368989920283
0.6756707090689316
0.6576565463029519
0.6418217797587535
0.6205744385812346
0.5979229782910689
0.5720297942564876
0.5443533755032931
0.5288406696351079
0.5022030399789746
0.4815571678747261
0.4607468268713238
0.4400750146754688
0.4187270123701682
0.3948296481703142
0.3509015470702171
0.335974717242394
0.31568880025823176
0.28083633519215956
0.2615782544924741
0.23287640603988538
0.21014214764145323
0.1746080176434216
0.1491168536286076
0.11760038280056398
0.08851568304842768
0.0700810458736709
0.04788194361419944
0.018970121650647424
-0.0005183870317646564
-0.030027036367875258
-0.04810545440439291
-0.0724120799934792
-0.10473522200289491
-0.11815794339357118
-0.13756061079939752
-0.15917637053782294
-0.18499076044285037
-0.21005362564718683
-0.22810817211706444
-0.25614194304069254
-0.2771451439633146
-0.29573656812671556
-0.3141854341357857
-0.3362726920026177
-0.35643993987016603
-0.37431598233388735
-0.38989274123993717
-0.4024326564477348
-0.42776296167837213
-0.4441904955268162
-0.45645187948816174
-0.47630236983143903
-0.4883878566715314
-0.512502283852884
-0.541286386237403
-0.5529981221764095
-0.5695316412663097
-0.5949760176969707
-0.606491225665657
-0.6179988616371697
-0.6346879099085123
-0.6631558964110176
-0.6825261832288969
-0.6965302655508719
-0.710785574477245
-0.7331367900556839
-0.7541515592263417
-0.7715631873612006
-0.7823830662981585
-0.803595238307549
-0.8142970463031671
-0.8369319000511027
-0.8496544772045789
-0.860162489434588
-0.877320770022098
-0.8879206214792346
-0.9025964835622541
-0.9134710780901222
-0.9312159293170353
-0.9413096691618348
-0.9598316043903712
-0.9710070150110237
-0.9900190055229798
-0.9998130739143525
-1.0195632589224248
-1.0322749710533932
-1.0497370167248123
-1.0609961833305401
-1.0733172868375451
-1.0897181761823733
-1.1024394527429024
-1.1147721306763354
-1.1239925920804572
-1.1374780619051144
-1.1595089960928777
-1.1717103378381473
-1.185538814140516
-1.2039424968378405
-1.2155783546593217
-1.2260306482392684
-1.2390440054401353
-1.2475938462367029
-1.2587594246174898
-1.2716130890571797
-1.28522297628293
-1.2935152383819795
-1.3017998641695918
-1.313253249262728
-1.324468962325852
-1.338721124969008
-1.3474468951926317
-1.3561335067478062
-1.371193156027857
-1.3789642944923965
-1.3889100229088949
-1.40144723049023
-1.4102320283435013
-1.4209887629086402
-1.4312176679526203
-1.4387255394112484
-1.4517970196649892
-1.4603814887283277
-1.4721473044628104
-1.4885559945524842
-1.4957691517929896
-1.5029746616418698
-1.5175952812437281
-1.5262872584443448
-1.5390953260262166
-1.546065800669971
-1.5569894474256234
-1.5659523637066572
-1.5748438642606701
-1.5872880126115207
-1.5981610640657347
-1.6047918290774115
-1.6114149229389756
-1.6196882811688451
-1.6280261253749126
-1.6368490907813142
-1.6453602872569209
-1.651793656800003
-1.6598129318588837
-1.6661964529076725
-1.6765305924387472
-1.6844599421218476
-1.6969470863287826
-1.7056429305100946
-1.7143582334542078
-1.7207315496608555
-1.7274701186085673
-1.7338260427337948
-1.7401851587085353
-1.7503262554836228
-1.756611797969575
-1.763970682977463
-1.769738407722516
-1.7763513319511282
-1.7869815578987995
-1.7996889117564796
-1.8088476707814718
-1.8153135580940332
-1.821897297310179
-1.829538960966982
-1.8362147879230752
-1.8415835760510584
-1.851341271558729
-1.8579148537927581
-1.8646025177102117
-1.8698388780123836
-1.8750675245827038
-1.8826114071959437
-1.898759070346803
-1.9037760057138122
-1.9105965745062157
-1.91557174354627
-1.9213929469476425
-1.9275540220791538
-1.9349803874044842
-1.941169153005746
-1.9483830179577288
-1.954114228838321
-1.9588884550881474
-1.964635506126299
-1.9719849333644408
-1.980813880842585
-1.9870004281679328
-1.99230858360713
-1.9989353995186057
-2.005621340466441
-2.01304417785066
-2.0204748131924894
-2.026900135195584
-2.031286395702185
-2.038990049242831
-2.0455204847499195
-2.0498087730717343
-2.0540892751816253
-2.0604414832517786
-2.0663820212039954
-2.072108091776471
-2.0787936112555405
-2.082928712582275
-2.0885444804860063
-2.093899798351484
-2.0984545369179806
-2.0752152251611857
-2.0765831719352312
-2.077582593912301
-2.0780530088028697
-2.077991912973352
-2.079457126082863
-2.080042882824424
-2.080473308683783
-2.0815746579206245
-2.082515992883364
-2.082832914994997
-2.0841132422715414
-2.0845604420822195
-2.0860262673768455
-2.0866446693115632
-2.087155815974763
-2.0880771607418707
-2.0893242696275247
-2.0901183605799765
-2.090079356651074
-2.0909112452712706
-2.092597941601056
-2.0933186713461844
-2.0944168686983753
-2.0953808093302686
-2.0963363104211927
-2.096801494897877
-2.0975270902789593
-2.09840893852597
-2.099639071441992
-2.1001647111146564
-2.101142499433344
-2.1028300073403137
-2.1030029907313814
-2.1042242451590356
-2.105362405578359
-2.106311889489969
-2.107428717370804
-2.108409298815948
-2.109416787681062
-2.1107142660903317
-2.1118635871374227
-2.1148694226646767
-2.12138681528471
-2.1275917733361496
-2.133978213910544
-2.1396551420629937
-2.1451816977552522
-2.151245100658492
-2.156719392928168
-2.1628744921120733
-1.9440998738541273
-1.939341234382327
-1.9470162580373929
-1.9547150438584862
-1.9619326256384568
-1.9576716057365102
-1.9641327401738848
-1.9742680395104095
-1.980046476702102
-1.985982693647416
-1.9785944387293604
-1.9854371202091856
-1.9862971116485433
-1.9864271527798045
-1.9809040277349526
-1.9892721003178055
-1.9933597318480438
-1.9993300308032724
-2.004945882501641
-1.999587898717886
-2.004386663852069
-2.0119655880059293
-2.0175387661338737
-2.020776522890227
-2.023527766523232
-2.0265252319449236
-2.0252084941078894
-2.0254188891880265
-2.0215089341634336
-2.0224298820412194
-2.027300278128333
-2.0310239292089096
-2.031789293153147
-2.0319230665211907
-2.0378917497402287
-2.041929666695198
-2.0456150053284228
-2.048851475105044
-2.041483962740589
-2.038881439855979
-2.0378809697858897
-2.040676258290762
-2.0444764105206708
-2.0470349337069913
-2.0495398115431946
-2.0461979986491
-2.0464574006496217
-2.049904013633616
-2.053219149468017
-2.054374430048186
-2.0553620920435534
-2.0548504470234414
-2.055384831189715
-2.054849358581948
-2.057361569688027
-2.060608724534949
-2.0597778611604163
-2.05917389281311
-2.0605201593471585
-2.061757011104926
-2.062863634205603
-2.062165800967839
-2.0639348977263436
-2.061354470708386
-2.0638746949507136
-2.0627971023471705
-2.061776007605385
-2.0613145407790543
-2.0621756623559677
-2.062733268559442
-2.063415307444651
-2.0647575282437702
-2.0661226062672475
-2.0653749563253108
-2.0640537907713443
-2.0656997215120207
-2.0667203069709976
-2.0654705401375244
-2.064874123993356
-2.06694688618563
-2.067381712303237
-2.0663457041053817
-2.0674881819256528
-2.0672561325651153
-2.069134934059345
-2.0702441699997434
-2.0709823988826623
-2.070594369013177
-2.070941704804678
-2.0709898551170016
-2.072794972144732
-2.073992678069362
-2.0743083330473935
-2.075600455518293
-2.076009337402601
-2.077112878532208
-2.079041128442498
-2.079403783531366
-2.0809863088527627
-2.082545031361726
-2.0826827936962347
-2.084185476431599
-2.084819281498525
-2.086072100727965
-2.086218884469144
-2.0872772981204286
-2.0878146449996713
-2.088394812645196
-2.09014524307028
-2.0918742858729527
-2.092431179455668
-2.0927955531359617
-2.0941057845656155
-2.0952236816201446
-2.096494870971973
-2.0965548782711125
-2.0972800754849144
-2.0976970517308104
-2.098632951531263
-2.1005732083182127
-2.101278998454509
-2.102939764471746
-2.104379601672354
-2.1058661874967224
-2.1061683755478757
-2.107339559442456
-2.1083077811594055
-2.1092787156606243
-2.110346773672795
-2.1105672259645627
-2.1109853240452177
-2.1109300501204844
-2.1114184836858922
-2.1102615174494264
-2.1101494587374288
-2.109879664730908
-2.108873363611742
-2.1088244541218417
-2.1091774359756066
-2.1075615735827946
-2.1067114313035327
-2.107615883203119
-2.106496269866776
-2.1048090410977798
-2.105268048884094
-2.10432036970065
-2.1041526406601667
-2.1031448078075616
-2.1033462331224473
-2.1021549879755153
-2.1017910214288666
-2.0993410966757104
-2.0964381746686316
-2.0949169482696304
-2.092375611969494
-2.0909301978041053
-2.089263385814123
-2.087846239500402
-2.0866146741879974
-2.084737065976557
-2.0839814976134656
-2.0815387992177268
-2.078894512048558
-2.076241008865897
-2.0731081412286896
-2.0720367205839265
-2.070725471554523
-2.0697134340801404
-2.0670153965878066
-2.0648722498454513
-2.1367447674447253
-2.135961552207233
-2.13510120019387
-2.134800340031042
-2.1342133973782227
-2.1338514204056924
-2.133047248722072
-2.1315100131427713
-2.130948227503426
-2.1303580628411405
-2.1286008103176632
-2.128077704071823
-2.12760351787994
-2.184167829622731
-2.1841984189772305
-2.183962880803357
-2.1812661333102823
-2.1816052720336963
-2.177436854762666
-2.1750683689452326
-2.1723837031088893
-2.1688486971472316
-2.1656079859996185
-2.1637402002786392
-2.1610179120595245
-2.159195242167541
-2.154970764559851
-2.152658024376123
-2.151479761527456
-2.1481100955671404
-2.1446919944655614
-2.1416385690011146
-2.1409061900345905
-2.1386249689759422
-2.136038353028619
-2.1347035542097723
-2.1333402411573603
-2.1312304071621
-2.1304603231295127
-2.1280143855760856
-2.1265589366288857
-2.1249236968936733
-2.1236024694087563
-2.1224449969949535
-2.1215558183317844
-2.1196536661364087
-2.1190848801329945
-2.1170533372917726
-2.1159678679186436
-2.114420789698058
-2.1135418938817163
-2.1123123716434278
-2.111262528352328
-2.1103956656737903
-2.109228462988542
-2.1082207367341703
-2.107184766709337
-2.106696685758293
-2.1062878285939517
-2.105950188741466
-2.1057035169741862
-2.1054353191586843
-2.1052255440290804
-2.1052541091372525
-2.1051848742836836
-2.10510111054002
-2.104806243203434
-2.104692400695675
-2.1045274147876145
-2.1044974357788955
-2.1043665778075122
-2.1041781840096165
-2.1040891946069347
-2.104038530062936
-2.103961393535867
-2.1039556352176536
-2.103913443795338
-2.103964770691937
-2.103910914396705
-2.103915334375326
-2.1039273032059658
-2.103914721175277
-2.1039589873304965
-2.103974503508608
-2.104058909938749
-2.1041096943770436
-2.104205037936202
-2.1042924520426745
-2.104391312413449
-2.104551285152411
-2.1047286441801756
-2.1048069157455034
-2.1048998195283297
-2.1051614193095816
-2.105340534782569
-2.105617636980029
-2.1056902558550195
-2.105913851023086
-2.106113921922048
-2.1063306282290997
-2.10669491150656
-2.106877349321918
-2.1069918896250592
-2.107406265164949
-2.1079354673774793
-2.108247499556404
-2.109113694753347
-2.1093436163638835
-2.109655162272348
-2.1103355751587847
-2.110942241765437
-2.111370180156374
-2.1119406445369924
-2.1126440864675913
-2.1132339862090306
-2.1136023422465624
-2.114497279346018
-2.114673559532155
-2.116786075811371
-2.1185388133686565
-2.1203200809149565
-2.121763232889714
-2.123536619176624
-2.1260138161862723
-2.13028161810842
-2.1333227344580066
-2.13737994350536
-2.1426818371880363
-2.1468342655622865
-2.148487629547345
-2.1522307099191074
-2.156338298417146
-2.160102513098792
-2.161930202957722
-2.166439762174516
-2.169845404436324
-2.1768616100493086
-2.181163360327005
-2.1821761473350194
-2.184081052072668
-2.0920139776690094
-2.0919699386632096
-2.091951377258784
-2.091908092785098
-2.0918277670072607
-2.091936908684097
-2.091969165924425
-2.0919654027849868
-2.0919918032825664
-2.0920044811359837
-2.091931471726965
-2.091889376061827
-2.091947154988357
-2.091854481480872
-2.091971602377074
-2.0920386897572074
-2.0920005659367678
-2.0919084918394693
-2.0918440024628513
-2.0918027657339384
-2.0917594613093162
-2.09169075351972
-2.091659633987931
-2.091606724908169
-2.0915992445668286
-2.0915784138821727
-2.0914506706944356
-2.091287255243235
-2.091239786468019
-2.0910766597199135
-2.0909313164576693
-2.0908889580535432
-2.0908564245555166
-2.0907519536713286
-2.0906262749247153
-2.0906274085066134
-2.090371968342681
-2.090262283404936
-2.0900055819587875
-2.0896946697500765
-2.08947223902012
-2.0892363459855576
-2.089008430508667
-2.088828744526219
-2.0885737596548233
-2.088438012187538
-2.0881613992577366
-2.087942709101534
-2.0877162948099235
-2.087633619255802
-2.088401919267479
-2.089624395537935
-2.0901078527991186
-2.0905828591379856
-2.09245509777484
-2.0935960749551574
-2.094254437135545
-2.095105005753246
-2.0973424138086663
-2.133398682040603
-2.132527352930473
-2.1316853054614295
-2.1307829040300676
-2.1298929564049534
-2.129037367903283
-2.1281490154242997
-2.1272363298024697
-2.1263809035566372
-2.12547370531766
-2.1245676163215763
-2.123680849727579
-2.1228067922349765
-2.12189819519935
-2.120993340120377
-2.1200003493910433
-2.1190800106609555
-2.118138825069925
-2.1171169097785367
-2.116126730162798
-2.1151457333527977
-2.1141237285691186
-2.1131506401324303
-2.112139534945849
-2.1110299617631356
-2.110035669515971
-2.1088858870888805
-2.1077917139089815
-2.106658709076406
-2.105577140304957
-2.1043892528364925
-2.1032424807320025
-2.102070052707693
-2.100786076472072
-2.099493329206736
-2.09828102714618
-2.0969644862595995
-2.0955321923663
-2.0940122400757546
-2.092511673807074
-2.0908327198273193
-2.089586088625648
-2.088111788953951
-2.086182526862477
-2.0845015523105674
-2.082484114608195
-2.080912405932132
-2.0792369661347894
-2.077121060218261
-2.075528689895872
-2.0733121166886526
-2.0598811636261347
-2.059308196350433
-2.058757179203342
-2.058154813627917
-2.057576605543771
-2.0571027481950273
-2.056540306424661
-2.055900591759916
-2.0553049306648727
-2.054647914376149
-2.054130963903178
-2.053515935678566
-2.0529690281853874
-2.0523387228555774
-2.051598786937945
-2.0507053702043456
-2.050023074016109
-2.049197804800682
-2.048332905886396
-2.0474701653933125
-2.046505206137277
-2.045595558686521
-2.044604338942639
-2.0435881929827793
-2.042449292438839
-2.0413376631839664
-2.0402967079259655
-2.0392602280387293
-2.0379454724498913
-2.0369143448550706
-2.035696038069072
-2.0345863436877685
-2.0334278750429853
-2.0322788837645738
-2.031006031123902
-2.029703923465857
-2.0284552056153995
-2.0271474547953567
-2.0257989620014976
-2.0247102065018794
-2.023228110163763
-2.0219773148315245
-2.020462241185015
-2.0185586771729684
-2.0171165363636185
-2.015599530944419
-2.013875047501162
-2.0124332482361007
-2.010985587259074
-2.0093193559447875
-2.0078403752413205
-2.006181035519468
-2.004494089224703
-2.002971434727307
-2.0008208195585966
-1.9994664640253388
-1.997424602679605
-1.9958574915621716
-1.9943175428846833
-1.9925815789201868
-1.9911547367042752
-1.9895367641579023
-1.9880604007595364
-1.9865470630097235
-1.98501787227868
-1.983473732978438
-1.9817386993202513
-1.9800029182179826
-1.9782663031031027
-1.9763997297763278
-1.9745645591583008
-1.9727290987001687
-1.9708023739862262
-1.968879766794748
-1.9667622672809688
-1.9646504545915313
-1.9624676557411282
-1.959834747944655
-1.9576693484956156
-1.955398118217232
-1.9528899234537593
-1.9508313876095429
-1.9486924893183506
-1.946349543377432
-1.9442026236500838
-1.9420156550837429
-1.9396878310401462
-1.937559052494654
-1.9354912821833563
-1.9333546839843891
-1.9308498486891412
-1.928458041833902
-1.926784429518297
-1.9249852199405735
-1.922344809775173
-1.9200477939937104
-1.9177700640871176
-1.916164174276595
-1.9139682357162422
-1.9116365419772436
-1.9099454260225939
-1.9094229410660601
-1.909100403413842
-1.9085257587721243
-1.9081716573125207
-1.9064638796769
-1.9067755811829854
-1.9046330629799142
-1.9094165870601798
-1.9115169326838177
-1.9131443401438364
-1.9185895618268005
-1.9243251215639166
-1.9241735919575214
-1.926366020644955
-1.9290509818212715
-1.94112554175144
-1.957652807328418
-1.968434506295091
-2.2621453286177653
-2.257454974142247
-2.2527896440770134
-2.248260024619143
-2.2436087690827615
-2.2393283664684436
-2.234891904006441
-2.230187137761492
-2.2258405907771377
-2.221686648014817
