0.0
0.0
0.0
0.0
0.0
0.0
0.0
0.0
0.0
0.0
0.0
0.0
0.0
0.0
0.0
0.0
0.0
0.0
0.0
0.0
0.0
0.0
0.0
0.0
0.0
0.0
0.0
0.0
0.0
0.0
0.0
0.0
0.0
0.0
0.0
0.0
0.0
0.0
0.0
0.0
0.0
0.0
0.0
0.0
0.0
0.0
0.0
0.0
0.0
0.0
0.0
0.0
0.0
0.0
0.0
0.0
0.0
0.0
0.0
0.0
0.0
0.0
0.0
0.0
0.0
0.0
0.0
0.0
0.0
0.0
0.0
0.0
0.0
0.0
0.0
0.0
0.0
0.0
0.0
0.0
0.0
0.0
0.0
0.0
0.0
0.0
0.0
0.0
0.0
0.0
0.0
0.0
0.0
0.0
0.0
0.0
0.0
0.0
0.0
0.0
0.0
0.0
0.0
0.0
0.0
0.0
0.0
0.0
0.0
0.0
0.0
0.0
0.0
0.0
0.0
0.0
0.0
0.0
0.0
0.0
0.0
0.0
0.0
0.0
0.0
0.0
0.0
0.0
0.0
0.0
0.0
0.0
0.0
0.0
0.0
0.0
0.0
0.0
0.0
0.0
0.0
0.0
0.0
0.0
0.0
0.0
0.0
0.0
0.0
0.0
0.0
0.0
0.0
0.0
0.0
0.0
0.0
0.0
0.0
0.0
0.0
0.0
0.0
0.0
0.0
0.0
0.0
0.0
0.0
0.0
0.0
0.0
0.0
0.0
0.0
0.0
0.0
0.0
0.0
0.0
0.0
0.0
0.0
0.0
0.0
0.0
0.0
0.0
0.0
0.0
0.0
0.0
0.0
0.0
0.0
0.0
0.0
0.0
0.0
0.0
0.0
0.0
0.0
0.0
0.0
0.0
0.0
0.0
0.0
0.0
0.0
0.0
0.0
0.0
0.0
0.0
0.0
0.0
0.0
0.0
0.0
0.0
0.0
0.0
0.0
0.0
0.0
0.0
0.0
0.0
0.0
0.0
0.0
0.0
0.0
0.0
0.0
0.0
0.0
0.0
0.0
0.0
0.0
0.0
0.0
0.0
0.0
0.0
0.0
0.0
0.0
0.0
0.0
0.0
0.0
0.0
0.0
0.0
0.0
0.0
0.0
0.0
0.0
0.0
0.0
0.0
0.0
0.0
0.0
0.0
0.0
0.0
0.0
0.0
0.0
0.0
0.0
0.0
0.0
0.0
0.0
0.0
0.0
0.0
0.0
0.0
0.0
0.0
0.0
0.0
0.0
0.0
0.0
0.0
0.0
0.0
0.0
0.0
0.0
0.0
0.0
0.0
0.0
0.0
0.0
0.0
0.0
0.0
0.0
0.0
0.0
0.0
0.0
0.0
0.0
0.0
0.0
0.0
0.0
0.0
0.0
0.0
0.0
0.0
0.0
0.0
0.0
0.0
0.0
0.0
0.0
0.0
0.0
0.0
0.0
0.0
0.0
0.0
0.0
0.0
0.0
0.0
0.0
0.0
0.0
0.0
0.0
0.0
0.0
0.0
0.0
0.0
0.0
0.0
0.0
0.0
0.0
0.0
0.0
0.0
0.0
0.0
0.0
0.0
0.0
0.0
0.0
0.0
0.0
0.0
0.0
0.0
0.0
0.0
0.0
0.0
0.0
0.0
0.0
0.0
0.0
0.0
0.0
0.0
0.0
0.0
0.0
0.0
0.0
0.0
0.0
0.0
0.0
0.0
0.0
0.0
0.0
0.0
0.0
0.0
0.0
0.0
0.0
0.0
0.0
0.0
0.0
0.0
0.0
0.0
0.0
0.0
0.0
0.0
0.0
0.0
0.0
0.0
0.0
0.0
0.0
0.0
0.0
0.0
0.0
0.0
0.0
0.0
0.0
0.0
0.0
0.0
0.0
0.0
0.0
0.0
0.0
0.0
0.0
0.0
0.0
0.0
0.0
0.0
0.0
0.0
0.0
0.0
0.0
0.0
0.0
0.0
0.0
0.0
0.0
0.0
0.0
0.0
0.0
0.0
0.0
0.0
0.0
0.0
0.0
0.0
0.0
0.0
0.0
0.0
0.0
0.0
0.0
0.0
0.0
0.0
0.0
0.0
0.0
0.0
0.0
0.0
0.0
0.0
0.0
0.0
0.0
0.0
0.0
0.0
0.0
0.0
0.0
0.0
0.0
0.0
0.0
0.0
0.0
0.0
0.0
0.0
0.0
0.0
0.0
0.0
0.0
0.0
0.0
0.0
0.0
0.0
0.0
0.0
0.0
0.0
0.0
0.0
0.0
0.0
0.0
0.0
0.0
0.0
0.0
0.0
0.0
0.0
0.0
0.0
0.0
0.0
0.0
0.0
0.0
0.0
0.0
0.0
0.0
0.0
0.0
0.0
0.0
0.0
0.0
0.0
0.0
0.0
0.0
0.0
0.0
0.0
0.0
0.0
0.0
0.0
0.0
0.0
0.0
0.0
0.0
0.0
0.0
0.0
0.0
0.0
0.0
0.0
0.0
0.0
0.0
0.0
0.0
0.0
0.0
0.0
0.0
0.0
0.0
0.0
0.0
0.0
0.0
0.0
0.0
0.0
0.0
0.0
0.0
0.0
0.0
0.0
0.0
0.0
0.0
0.0
0.0
0.0
0.0
0.0
0.0
0.0
0.0
0.0
0.0
0.0
0.0
0.0
0.0
0.0
0.0
0.0
0.0
0.0
0.0
0.0
0.0
0.0
0.0
0.0
0.0
0.0
0.0
0.0
0.0
0.0
0.0
0.0
0.0
0.0
0.0
0.0
0.0
0.0
0.0
0.0
0.0
0.0
0.0
0.0
0.0
0.0
0.0
0.0
0.0
0.0
0.0
0.0
0.0
0.0
0.0
0.0
0.0
0.0
0.0
0.0
0.0
0.0
0.0
0.0
0.0
0.0
0.0
0.0
0.0
0.0
0.0
0.0
0.0
0.0
0.0
0.0
0.0
0.0
0.0
0.0
0.0
0.0
0.0
0.0
0.0
0.0
0.0
0.0
0.0
0.0
0.0
0.0
0.0
0.0
0.0
0.0
0.0
0.0
0.0
0.0
0.0
0.0
0.0
0.0
0.0
0.0
0.0
0.0
0.0
0.0
0.0
0.0
0.0
0.0
0.0
0.0
0.0
0.0
0.0
0.0
0.0
0.0
0.0
0.0
0.0
0.0
0.0
0.0
0.0
0.0
0.0
0.0
0.0
0.0
0.0
0.0
0.0
0.0
0.0
0.0
0.0
0.0
0.0
0.0
0.0
0.0
0.0
0.0
0.0
0.0
0.0
0.0
0.0
0.0
0.0
0.0
0.0
0.0
0.0
0.0
0.0
0.0
0.0
0.0
0.0
0.0
0.0
0.0
0.0
0.0
0.0
0.0
0.0
0.0
0.0
0.0
0.0
0.0
0.0
0.0
0.0
0.0
0.0
0.0
0.0
0.0
0.0
0.0
0.0
0.0
0.0
0.0
0.0
0.0
0.0
0.0
0.0
0.0
0.0
0.0
0.0
0.0
0.0
0.0
0.0
0.0
0.0
0.0
0.0
0.0
0.0
0.0
0.0
0.0
0.0
0.0
0.0
0.0
0.0
0.0
0.0
0.0
0.0
0.0
0.0
0.0
0.0
0.0
0.0
0.0
0.0
0.0
0.0
0.0
0.0
0.0
0.0
0.0
0.0
0.0
0.0
0.0
0.0
0.0
0.0
0.0
0.0
0.0
0.0
0.0
0.0
0.0
0.0
0.0
0.0
0.0
0.0
0.0
0.0
0.0
0.0
0.0
0.0
0.0
0.0
0.0
0.0
0.0
0.0
0.0
0.0
0.0
0.0
0.0
0.0
0.0
0.0
0.0
0.0
0.0
0.0
0.0
0.0
0.0
0.0
0.0
0.0
0.0
0.0
0.0
0.0
0.0
0.0
0.0
0.0
0.0
0.0
0.0
0.0
0.0
0.0
0.0
0.0
0.0
0.0
0.0
0.0
0.0
0.0
0.0
0.0
0.0
0.0
0.0
0.0
0.0
0.0
0.0
0.0
0.0
0.0
0.0
0.0
0.0
0.0
0.0
0.0
0.0
0.0
0.0
0.0
0.0
0.0
0.0
0.0
0.0
0.0
0.0
0.0
0.0
0.0
0.0
0.0
0.0
0.0
0.0
0.0
0.0
0.0
0.0
0.0
0.0
0.0
0.0
0.0
0.0
0.0
0.0
0.0
0.0
0.0
0.0
0.0
0.0
0.0
0.0
0.0
0.0
0.0
0.0
0.0
0.0
0.0
0.0
0.0
0.0
0.0
0.0
0.0
0.0
0.0
0.0
0.0
0.0
0.0
0.0
0.0
0.0
0.0
0.0
0.0
0.0
0.0
0.0
0.0
0.0
0.0
0.0
0.0
0.0
0.0
0.0
0.0
0.0
0.0
0.0
0.0
0.0
0.0
0.0
0.0
0.0
0.0
0.0
0.0
0.0
0.0
0.0
0.0
0.0
-1.6688915734821708
-1.703766827312342
-1.6862740011440294
-1.6686311162835854
-1.6530194864671204
-1.685311332085766
-1.6727820605492412
-1.644374835886882
-1.6346890859043905
-1.624272380657701
-1.6696767980097849
-1.6552046312618434
-1.6648126003955352
-1.6778743176139324
-1.7144676517193034
-1.6932320517859467
-1.6900547971384097
-1.6788679904651282
-1.6691255814769514
-1.7040785312865172
-1.6976182331041167
-1.6794727640526237
-1.6696755793398295
-1.6695712342307552
-1.6706140094786326
-1.6713594819710422
-1.6886756125976783
-1.6995100880810972
-1.7283525610316308
-1.7363632165638174
-1.7289650593015673
-1.7262150153044982
-1.73467652992576
-1.7457988627334342
-1.7337465342110112
-1.7294703762582242
-1.726571390797603
-1.7254315562694806
-1.7654922746393573
-1.786168378897003
-1.8008918424410099
-1.8011616392007817
-1.7974058303408613
-1.7985166628771
-1.7997869986453021
-1.8227551906398003
-1.832172556765858
-1.8295440877372295
-1.8273891965085092
-1.8335902340242476
-1.8398937372085267
-1.8517988067904914
-1.859825272103382
-1.8722011949138793
-1.8724811112463622
-1.8702616005472474
-1.882836574388238
-1.8946293201052167
-1.8988721903447432
-1.903722691313459
-1.9089635042815265
-1.9202573432730126
-1.9231996141611267
-1.9422519567424896
-1.942329770868791
-1.9549818409577144
-1.9674250110916127
-1.9779590785989138
-1.983584753045794
-1.990209037609887
-1.9963546428321055
-2.000358750936785
-2.004234901729774
-2.0151484691955157
-2.027498771805465
-2.030186144061891
-2.035035949939093
-2.0474718719002993
-2.0573725320366467
-2.0583878393937542
-2.0650450731343986
-2.073083197961458
-2.0742300386047874
-2.0760392287529124
-2.0750902305005376
-2.076778638026586
-2.076843656179498
-2.077067906517009
-2.078372644852082
-2.0797167855251084
-2.0794055546404575
-2.0799347257971244
-2.0818195280521525
-2.0821641217039017
-2.0825711318960693
-2.083662591181465
-2.0832758905291415
-2.0854160419773633
-2.084904482423568
-2.0847518660590523
-2.0864295987560046
-2.0865847034972043
-2.0880850876814576
-2.0878969084664365
-2.088740174737512
-2.0895233325654665
-2.0907049950796996
-2.092556254792678
-2.0924085528118574
-2.0923828282096237
-2.0937691852561384
-2.0954668471031925
-2.095961588821692
-2.0962082106811506
-2.096520662574903
-2.0978095586304764
-2.0991812189770274
-2.101217619816791
-2.1023740521975327
-2.1015769756548246
-2.103182220156756
-2.104147419449379
-2.10389352123632
-2.1046520832569255
-2.1065376597513157
-2.1072711601185907
-2.1078511475803854
-2.1092643333092798
-2.110496888777389
-2.118057573816101
-2.124799328689602
-2.1327771401916946
-2.139281454366388
-2.1499278417773455
-2.15790358097573
-2.1662115549984127
-2.1763824035558073
-2.1839003204923575
-2.190454673814104
-2.2018373894551146
-2.2113388356483066
-2.216501596901692
-2.226141051065912
-2.2373313723624735
-2.2434666191628647
-2.2528336875380144
-2.260116578851415
-2.2696920068989517
-2.275975624730674
-2.2868594680982
-2.2963692523260306
-2.3112765836914826
-2.327325180667015
-2.3396972488657726
-2.3543799232789206
-2.366099854427805
-2.378192099689969
-2.38958369533428
-2.4004243684445283
-2.412602473129609
-2.421760894291879
-2.435540895122872
-2.449083091735556
-2.4631287996436524
-2.4776371541502145
-2.487206900244413
-2.497066492766056
-2.5058117624628573
-2.519152475381285
-2.5304539019751346
-1.2821576225691294
-1.3026317787824508
-1.3221211154840549
-1.3351324513052119
-1.3512218958463373
-1.3647650351270058
-1.3819226394482895
-1.4081379109120202
-1.4228483424298481
-1.4378643228716474
-1.4653999761922123
-1.4788800107326119
-1.4927566182405483
-1.334290744585822
-1.3454282844304333
-1.359527759218641
-1.3965439737777816
-1.4033111419108422
-1.4346391919233883
-1.4521126215608755
-1.4732037713421402
-1.497167166133498
-1.520771692373677
-1.534113012803716
-1.5533067833882792
-1.567402159356086
-1.5938392097152887
-1.610140326906224
-1.6197496667727445
-1.6413227514332154
-1.6618426501922068
-1.680258923640527
-1.6870073085793547
-1.7001075434236275
-1.7159155910042594
-1.7249232212560675
-1.7335078245287587
-1.7464032489217054
-1.7522449060781595
-1.7651835624854337
-1.773417269491732
-1.7832176683680925
-1.790436966156219
-1.7978633384893248
-1.803411575370888
-1.812259698581096
-1.816618976568946
-1.8263595679480225
-1.8320543312709967
-1.8394571375594604
-1.8439413644149076
-1.8502126047436016
-1.855426370808414
-1.8594239723683597
-1.8648629291787977
-1.8692345199490126
-1.8738359172995909
-1.8763635389835318
-1.8813215468594133
-1.885341955646567
-1.889034941309148
-1.8927987926812475
-1.896163679276823
-1.8982241743281354
-1.9007269511236085
-1.9032663785949364
-1.9066750705009423
-1.90933936762501
-1.912065648178015
-1.9141360751054082
-1.9166018637319944
-1.9192534984795895
-1.9213971953584865
-1.923346432956474
-1.9253294955238653
-1.927019626710096
-1.9287872536204502
-1.9301817593857047
-1.9318958463319469
-1.9333701922307227
-1.934782521312908
-1.936233428242359
-1.9374666145709538
-1.9387575354785227
-1.9397874398400998
-1.9409163403321066
-1.9418479673277484
-1.94279218202437
-1.943672096079825
-1.9443028040536934
-1.9448581935930693
-1.9457546622135646
-1.9465807718141772
-1.946812212365514
-1.947321140203928
-1.9474765156280294
-1.948305627277325
-1.948623692118549
-1.9490476129794752
-1.9493573179413228
-1.9492985267700742
-1.949697258249692
-1.9503168978967467
-1.9500349786460474
-1.9494200249343976
-1.9494653126543744
-1.9479559298137843
-1.948267268567104
-1.9483072462885351
-1.9474112658474247
-1.9466974658982745
-1.9464022288602736
-1.9458527752589028
-1.9449004875064961
-1.9442108270217113
-1.9442109319920355
-1.9429464574777546
-1.9432622993046824
-1.9424745589606756
-1.9429174738901287
-1.9433412721775427
-1.943729426214549
-1.9441973049256391
-1.9447404515749884
-1.9461118502901886
-1.9470325261263812
-1.9480915341205176
-1.9496768921339935
-1.95144854615109
-1.9522447385730275
-1.954302403899319
-1.9562076656193605
-1.957994432305455
-1.959360268013596
-1.962058443307514
-1.9639668384359206
-1.9677292366636618
-1.9673621300846855
-1.966492245207079
-1.9644153131146938
-2.093111253752018
-2.0933859964996393
-2.0934907228416932
-2.0937083434149315
-2.094111806369994
-2.0938484667265014
-2.093781953145184
-2.0939292027027503
-2.0938784588913952
-2.0939107430522
-2.0941921932638063
-2.0943157130257015
-2.0942430974306805
-2.0945398423457386
-2.0943060660972734
-2.094221822328454
-2.094321573014861
-2.094586591905319
-2.094770061414777
-2.0948818578022106
-2.0949852932821966
-2.0951314411548863
-2.095191594424661
-2.0953322640401475
-2.095345097241108
-2.0953787384111995
-2.0956185048093308
-2.0958738169969235
-2.0959293816839906
-2.096180196025128
-2.096399326174744
-2.096436288590028
-2.0964714663127477
-2.0965929611544287
-2.0967643575093655
-2.09676150471996
-2.097083473118486
-2.0972368315343624
-2.0975535059120594
-2.0979183867557256
-2.098170624909919
-2.098425161198972
-2.098672852393044
-2.098826302035154
-2.099073021124763
-2.0991795008939764
-2.0994167419646974
-2.099600965137004
-2.099776798858145
-2.100226371761438
-2.101552137627595
-2.1032764348935546
-2.1044239507395397
-2.1055637602083257
-2.1078997162058215
-2.1096418974328484
-2.1109903206573866
-2.112560223411401
-2.1153227662069654
-2.1401601810780395
-2.1408358767927984
-2.1414366121275727
-2.142117230072619
-2.142740814613099
-2.1432979938601595
-2.143862208160678
-2.1444470968004814
-2.1449220981152313
-2.145446585377305
-2.1459463910587684
-2.1463947216499806
-2.146797656467935
-2.147238006880967
-2.147642535490574
-2.148153323316998
-2.148540713128562
-2.148928867308787
-2.1494036358943247
-2.149805522663831
-2.1501790896496984
-2.150580095813169
-2.1509105015982284
-2.151256864500915
-2.1517128102288456
-2.151999010802543
-2.1524654222743664
-2.152832101631561
-2.153225764196112
-2.1535318570369353
-2.153926410822607
-2.1542704118210927
-2.1546219245215354
-2.155075494088895
-2.155506077758807
-2.155839222937804
-2.156240422181637
-2.156756164295717
-2.157267438587493
-2.1578135501688926
-2.158436331584579
-2.1586857789491893
-2.159135165798264
-2.1599319654554003
-2.160487100552746
-2.16129132231258
-2.1616889027015795
-2.1621761407579805
-2.162972240104141
-2.1633440022198798
-2.1641946475490377
-2.0995571819379046
-2.099287281059817
-2.0990169302655755
-2.0987831151863063
-2.0985120654031078
-2.098152942660334
-2.0978601247703583
-2.097626801537296
-2.097346267336862
-2.0971289611924626
-2.0967780994827185
-2.096509307591219
-2.096172810216787
-2.0959057368023837
-2.0957163050087595
-2.095632070359973
-2.095389708326328
-2.0952397678097436
-2.095121054722098
-2.0949839828446253
-2.094913458038434
-2.094791644123932
-2.0947127865640316
-2.0946449498365856
-2.0946553287553313
-2.0946280781651145
-2.094537145380274
-2.0947147858253357
-2.094505921918535
-2.0949167419922516
-2.094900277426529
-2.0950619813065825
-2.095242602020831
-2.0954043558490527
-2.0956253185381173
-2.095581970942447
-2.09575834974315
-2.095943959488265
-2.096135458845148
-2.096426241628983
-2.096396998126027
-2.0967329669573744
-2.0969354137233545
-2.0968361839014342
-2.0969760939498516
-2.097129563937414
-2.0973674424363797
-2.0974673498703447
-2.0977881890377783
-2.0979477449289727
-2.0980187511199486
-2.09815568920118
-2.0985000829605163
-2.098544353197341
-2.098796653101755
-2.0989694219744575
-2.099363242890407
-2.09935843490091
-2.0995452094700595
-2.0997817895749926
-2.0999006848242767
-2.1000660133639317
-2.100170457976005
-2.100271259703836
-2.100361572425765
-2.100439783985197
-2.1005620892264787
-2.1006702183572177
-2.1007630740222347
-2.101075578180827
-2.1011676137804933
-2.101243257044317
-2.101337217446918
-2.1014084056711724
-2.101519784718142
-2.1016028103578903
-2.101689881280739
-2.1018795938348163
-2.1019307227969466
-2.1019885063789694
-2.1021020958990384
-2.102069896201101
-2.1020423807414548
-2.1022221912587233
-2.10215749458045
-2.1020828251920958
-2.102198121959685
-2.1020753097659233
-2.1020841963338865
-2.1019255919354123
-2.1019900031005156
-2.101857046391325
-2.101692657604538
-2.1015379749017686
-2.1013999672939776
-2.101324460167612
-2.101224079204928
-2.1008023989485505
-2.100646224209744
-2.1004848581234565
-2.1001869465574536
-2.099479965159657
-2.098870148960353
-2.0982969407529097
-2.097666717839408
-2.097291111313765
-2.09649151035835
-2.0961697970278492
-2.0946357089905945
-2.093465292730587
-2.0923832410394145
-2.0906195134488557
-2.0889096259920668
-2.088133905870714
-2.086930950952145
-2.085657317644293
-2.082863711467883
-2.0793385527381685
-2.076730230798329
-2.0316553860411433
-2.0314380356924566
-2.0311753598237186
-2.03077630156771
-2.030451726193721
-2.0298046232876614
-2.0292580406905323
-2.0289063158271547
-2.028234838335281
-2.027396950552111
